854 1192
613 542
343 573
683 254
142 851
379 850
295 397
408 538
713 528
839 645
526 212
788 38
415 610
112 519
603 194
102 655
695 295
672 673
394 534
364 476
336 42
496 255
169 175
401 42
411 338
295 376
830 264
768 103
189 197
40 172
135 752
474 356
669 600
822 518
214 397
426 515
374 49
237 716
848 144
227 780
231 426
854 395
851 253
569 805
318 424
697 154
414 46
716 660
369 780
840 173
73 563
156 234
803 667
35 46
164 253
694 244
477 679
500 598
751 835
111 638
11 508
614 734
784 598
95 22
179 172
7 520
852 720
64 673
546 765
264 839
307 742
295 795
596 53
166 769
480 24
562 426
335 351
432 183
825 259
189 726
704 806
828 15
765 695
25 853
476 391
131 401
371 522
405 56
492 789
726 66
390 398
494 796
706 585
384 372
437 758
59 50
1 136
145 703
694 649
786 137
838 667
224 445
693 397
593 249
545 514
295 366
848 223
126 399
788 707
428 141
765 148
808 480
89 473
448 519
468 157
321 421
43 513
53 773
679 138
672 516
448 110
45 757
172 771
501 388
183 435
751 21
269 290
637 317
529 266
37 273
393 232
635 172
484 462
591 399
747 320
302 801
378 395
497 793
564 712
289 170
712 381
367 81
628 657
849 676
809 698
165 197
210 514
271 20
83 580
552 586
117 776
833 326
410 553
269 30
153 469
245 583
202 195
774 593
229 680
710 206
13 438
30 237
672 234
602 852
794 458
423 72
835 74
741 178
816 130
73 132
360 680
622 445
477 664
276 808
14 195
854 732
525 788
291 229
297 40
492 629
806 228
85 535
227 12
574 268
337 157
560 584
761 730
280 238
518 706
373 394
822 712
67 38
178 99
595 485
401 622
776 175
279 100
533 153
204 713
622 74
553 713
781 398
629 28
425 537
172 709
189 737
85 228
770 566
661 344
130 194
46 514
227 164
683 211
126 555
286 449
5 821
76 14
299 510
13 99
658 4
634 735
696 312
254 63
300 30
270 430
131 432
285 516
758 10
751 271
462 496
180 717
673 185
115 733
305 330
763 335
534 625
189 203
620 453
78 65
679 581
442 241
800 740
198 283
556 572
828 19
850 688
269 333
200 846
262 319
188 168
180 226
54 361
39 533
27 62
505 597
137 371
47 720
471 134
830 557
181 147
17 494
781 769
330 69
532 76
131 707
450 96
688 201
606 232
854 608
174 59
492 237
155 714
168 808
813 562
355 624
98 721
102 526
676 484
222 805
551 282
304 676
125 638
842 240
319 453
713 598
786 260
115 453
582 450
134 57
273 467
689 788
809 292
730 682
591 475
6 785
235 710
799 231
294 68
97 280
296 784
734 646
394 561
452 154
29 341
425 565
17 187
581 338
407 386
675 40
197 326
288 747
488 552
298 393
759 730
481 103
837 470
281 693
668 807
333 810
702 632
712 335
311 356
714 511
258 733
724 748
260 579
714 743
673 272
351 473
615 344
60 2
476 612
593 537
499 822
649 325
457 435
244 49
810 393
50 746
107 400
280 161
118 377
574 39
675 758
531 422
603 56
833 400
146 76
454 811
150 261
390 80
686 620
313 739
76 580
407 207
730 145
206 270
40 145
766 772
343 783
585 177
769 226
101 800
594 35
744 746
620 782
4 78
141 805
516 813
388 167
734 433
741 245
745 612
598 267
540 154
372 79
358 762
114 843
714 796
558 592
297 544
144 368
209 463
412 555
21 233
450 511
550 668
228 744
541 588
566 564
466 143
221 656
576 671
53 459
797 206
546 515
316 455
463 549
852 241
212 144
288 289
696 755
92 702
691 464
433 829
750 850
93 106
370 316
9 498
819 162
594 838
9 766
291 766
588 171
787 397
730 400
54 593
580 382
728 415
112 426
84 825
315 73
202 8
608 381
770 94
365 26
511 410
485 403
781 316
182 78
96 734
567 742
130 366
762 15
389 711
232 749
661 789
98 255
682 784
281 272
94 413
186 226
773 110
7 691
77 370
201 49
161 569
478 210
489 678
274 407
325 41
315 483
526 848
812 722
585 772
84 401
676 612
493 321
382 456
76 598
115 414
176 564
413 654
369 539
633 107
533 412
485 72
810 657
725 142
371 159
768 696
255 456
41 187
47 377
441 242
463 451
58 810
190 40
636 253
296 458
179 568
120 718
412 559
673 755
149 832
39 306
752 494
583 598
252 808
371 171
271 657
354 676
601 255
559 212
417 776
278 533
679 484
384 646
776 530
132 600
688 216
579 120
108 276
610 275
332 782
785 714
742 833
604 233
637 117
823 322
104 523
609 645
259 585
714 1
360 817
530 8
408 715
669 363
805 386
554 329
154 565
419 153
425 6
468 566
716 844
475 248
812 297
628 769
434 593
272 380
140 805
2 159
242 518
501 554
51 35
212 563
744 662
721 666
391 438
727 525
592 748
466 130
375 63
181 288
617 79
418 511
310 204
608 37
31 783
359 644
688 790
426 652
812 580
482 291
236 670
648 550
82 597
23 711
707 453
502 707
664 555
232 706
314 215
440 774
61 447
52 299
373 606
499 463
529 728
480 727
586 314
266 823
204 408
134 305
332 412
155 722
593 367
847 236
253 60
550 711
720 740
645 483
380 663
94 254
285 412
655 458
464 118
366 416
166 269
344 332
727 844
366 244
545 672
445 815
452 830
6 69
245 147
810 709
791 831
276 811
253 391
329 97
479 169
821 758
313 389
548 360
133 298
347 588
669 555
142 795
242 765
832 176
174 740
113 653
199 234
135 765
626 308
548 331
73 261
327 259
554 158
499 252
296 162
42 848
429 179
819 370
833 549
769 403
119 256
781 829
488 356
92 685
794 397
141 767
228 158
735 1
845 438
135 612
261 394
199 90
646 294
104 801
787 372
657 203
852 353
601 825
408 216
132 333
410 517
248 632
267 148
382 247
644 259
281 2
842 512
510 41
836 736
239 59
358 425
6 104
263 347
379 332
365 69
785 404
712 650
743 147
70 761
516 524
573 185
423 136
249 351
573 371
364 200
66 151
730 629
774 562
282 475
648 394
294 262
510 233
434 101
75 553
489 194
771 18
298 797
117 158
303 202
139 641
217 238
510 836
3 810
246 490
727 18
684 744
393 749
295 448
524 398
347 114
803 788
240 226
420 13
756 234
401 41
270 205
683 494
53 683
304 115
842 771
655 844
358 274
516 295
240 656
837 754
24 338
148 536
498 655
381 265
39 550
795 140
172 358
421 851
438 827
651 181
459 824
723 138
245 231
745 582
393 780
411 189
361 634
320 91
191 194
511 354
853 466
499 135
254 137
578 418
393 169
557 433
77 295
34 288
419 51
709 389
727 806
496 334
685 45
176 369
246 606
446 303
417 121
476 829
48 606
838 769
519 717
66 116
162 1
223 460
258 695
374 818
354 396
606 752
368 204
820 709
256 549
752 365
446 198
212 717
571 353
750 272
254 277
447 462
91 581
202 453
283 326
342 622
757 41
621 40
841 65
770 664
712 59
738 495
184 778
123 637
116 499
359 349
777 225
50 848
89 472
358 63
782 72
808 670
276 615
47 541
544 842
500 520
713 306
824 237
424 196
107 668
383 224
51 799
668 51
583 809
271 300
633 765
309 330
54 763
692 469
809 86
780 327
126 578
503 512
515 222
456 778
362 521
674 630
566 149
840 775
122 647
599 294
373 483
92 441
673 577
275 318
749 779
400 17
477 369
446 538
240 159
471 24
812 140
729 428
185 45
202 249
421 719
269 389
822 853
558 437
847 323
457 53
344 310
604 684
412 473
220 823
51 611
532 13
312 168
35 204
454 616
660 835
396 301
681 124
295 646
645 807
770 198
178 461
332 691
697 359
616 721
101 506
348 590
595 717
719 164
145 639
764 744
748 681
83 651
41 588
117 398
21 398
609 310
481 603
443 664
195 324
102 545
126 14
605 361
428 691
574 726
191 438
688 666
186 46
737 190
225 681
122 440
136 35
440 338
760 583
694 424
22 507
419 116
836 47
577 743
825 6
262 576
141 827
701 342
538 808
180 485
96 126
143 773
469 274
16 562
602 89
177 742
480 225
819 604
489 229
799 649
202 515
58 637
380 252
3 594
604 355
376 633
739 114
273 611
8 285
580 515
383 819
853 486
304 270
101 796
51 481
659 222
436 486
95 252
377 368
362 129
391 186
467 223
379 610
770 200
617 649
499 773
274 679
433 197
810 501
678 290
764 627
252 558
756 243
723 490
628 32
841 44
629 633
19 449
657 568
416 6
778 16
80 292
344 762
432 23
457 121
671 716
396 726
50 498
809 549
162 709
687 721
527 16
789 280
55 761
213 334
766 684
137 804
313 549
349 851
414 131
705 269
148 763
285 203
699 7
123 77
187 818
47 229
345 118
44 791
187 54
188 440
151 36
589 460
63 349
599 816
128 623
119 778
59 789
6 683
194 168
251 825
183 162
28 550
669 22
820 553
18 828
81 652
150 422
43 377
801 404
350 358
396 193
566 182
452 658
340 148
726 165
388 16
136 73
223 507
62 28
7 31
268 395
726 262
452 450
651 50
277 231
274 427
694 600
266 840
714 278
532 761
694 408
393 463
317 158
233 693
604 407
848 285
313 237
795 646
464 576
103 362
269 382
249 853
335 302
654 610
681 667
548 382
406 85
458 613
32 85
696 647
262 68
705 827
483 10
140 348
461 346
582 128
399 458
247 180
592 26
95 546
800 830
528 467
290 46
102 464
287 74
624 364
483 696
268 59
731 437
443 216
349 41
731 123
436 404
387 276
354 148
272 311
534 740
239 102
58 282
488 358
55 294
182 666
205 501
481 287
755 424
40 342
297 686
684 814
33 332
112 361
846 280
597 284
755 548
600 410
726 549
695 88
821 444
327 656
604 608
629 422
343 685
151 280
308 430
128 827
402 204
648 140
711 192
91 25
228 49
194 564
312 227
317 386
790 392
679 395
22 853
22 414
741 542
570 309
786 270
440 722
289 268
36 362
40 662
373 560
757 702
641 554
490 27
634 100
36 162
37 598
398 511
698 486
258 282
606 603
756 157
549 324
843 657
101 490
197 325
423 186
292 648
173 185
499 751
615 402
150 691
834 640
210 29
641 742
637 205
326 13
125 494
70 108
708 448
89 651
750 256
37 648
620 424
788 132
339 458
776 483
31 39
713 212
261 395
650 167
792 390
821 267
17 446
365 620
530 68
293 694
461 805
655 29
581 410
365 605
322 418
745 178
699 116
22 682
338 491
745 57
490 585
47 503
313 669
417 451
108 129
364 283
732 560
143 227
82 49
187 397
167 90
562 783
799 86
583 805
754 1
24 684
582 22
738 431
11 850
138 598
379 419
184 95
672 348
