924 2746
908 341
556 266
280 549
905 714
321 357
677 283
199 534
129 638
426 898
311 596
355 898
264 919
413 648
412 688
655 372
415 78
420 155
438 302
651 468
330 450
268 471
696 512
126 615
914 810
39 238
209 586
449 688
907 842
659 485
436 453
332 203
600 554
912 209
551 224
23 744
409 684
47 124
654 577
494 887
724 336
154 257
529 422
628 919
519 153
827 753
301 221
215 379
89 712
328 69
314 24
407 874
585 725
909 623
289 145
879 321
327 132
738 342
891 194
581 823
178 244
159 481
536 829
203 267
850 271
449 686
635 217
799 655
108 132
471 416
868 321
728 9
127 498
383 558
706 173
461 912
268 43
34 162
427 340
501 591
299 130
618 420
853 512
378 506
323 407
417 592
841 643
823 791
555 598
221 267
322 182
313 832
671 122
708 514
199 724
635 536
191 46
319 873
708 657
159 177
717 18
601 521
665 84
315 168
26 624
500 228
393 697
709 296
750 625
2 489
368 628
674 605
890 553
907 384
124 308
434 124
548 835
690 357
418 207
535 294
457 308
740 43
460 680
670 619
856 744
712 738
107 165
370 605
477 43
635 918
229 699
606 24
916 400
519 334
316 740
479 872
373 800
853 697
585 712
488 864
385 24
289 164
145 674
755 608
113 920
865 243
479 546
48 366
154 295
7 598
446 498
163 921
420 371
251 156
5 524
463 661
908 408
68 333
210 15
586 373
476 333
646 556
868 801
865 592
181 14
531 134
860 80
295 792
598 615
748 670
620 688
732 26
98 682
644 651
794 56
26 501
354 117
639 836
323 55
256 593
683 154
204 580
703 215
300 208
50 94
263 594
702 448
174 7
624 705
625 503
367 138
620 277
268 642
608 762
70 148
534 283
24 539
242 238
137 796
779 96
871 51
407 917
518 336
480 513
724 823
712 791
178 98
549 550
678 351
737 164
828 725
97 325
428 531
30 225
560 654
525 862
491 134
571 61
495 13
647 794
773 569
487 921
181 286
698 168
534 233
593 505
39 554
333 702
915 556
134 433
801 212
803 216
3 855
740 516
428 805
233 253
822 786
206 271
55 539
443 310
762 754
374 697
526 298
801 889
533 726
401 509
888 174
909 296
290 763
312 596
866 135
129 2
532 606
501 96
865 453
632 727
728 640
134 477
880 134
571 218
59 507
129 101
248 891
763 595
50 615
252 559
18 486
74 283
424 486
303 507
713 833
536 273
490 762
54 860
218 653
319 754
456 693
308 775
554 121
332 854
613 550
867 860
782 105
106 502
307 11
308 187
862 396
614 477
417 687
456 403
644 598
591 306
262 465
467 651
620 853
508 725
574 510
132 562
519 70
79 853
135 551
780 344
781 550
47 427
569 321
381 483
381 814
211 899
323 310
452 133
272 547
475 44
797 535
176 207
529 890
897 766
700 229
153 555
315 756
816 490
9 527
523 460
892 183
569 729
555 791
289 442
722 658
50 897
622 907
327 718
571 225
664 114
117 705
758 625
279 285
49 255
766 651
123 903
566 361
660 531
676 673
293 22
574 676
477 132
651 230
121 170
303 406
433 403
490 580
860 765
136 883
336 661
864 802
586 692
598 387
374 184
710 139
101 155
127 698
539 426
518 594
405 170
562 585
252 563
680 516
772 60
405 352
544 51
746 609
585 220
419 28
189 260
687 517
340 77
914 599
713 96
362 94
732 369
272 831
63 241
304 534
404 593
666 217
701 893
831 252
706 637
673 579
824 721
201 552
326 735
496 545
761 480
779 660
470 447
623 666
720 497
265 904
837 626
252 808
588 197
24 781
802 193
206 238
105 332
310 696
642 381
751 760
593 39
535 847
23 267
49 351
394 821
107 481
91 505
219 555
698 298
313 707
7 169
448 923
12 52
305 457
756 658
891 179
228 215
528 26
875 302
811 205
34 120
894 825
516 190
294 516
831 710
199 381
45 77
671 594
234 134
695 55
56 783
423 159
155 392
346 139
124 697
221 114
187 462
745 616
211 452
898 385
105 599
322 111
881 502
612 725
886 577
44 348
707 251
625 457
47 492
216 830
821 367
148 322
186 310
193 392
780 708
417 423
398 323
533 268
295 887
718 525
353 689
325 526
246 125
894 263
697 124
385 419
149 314
480 58
647 538
792 908
871 642
270 860
532 108
902 170
353 526
672 44
835 552
394 405
15 520
58 839
96 360
150 629
189 123
360 333
327 454
663 258
499 463
796 820
598 829
417 11
879 47
494 11
562 908
355 150
697 172
182 526
681 509
511 342
254 388
906 160
251 604
857 105
694 771
309 372
554 203
366 432
630 653
574 142
705 762
426 432
815 160
429 112
485 558
910 140
54 871
475 584
357 634
922 147
172 278
374 291
125 861
805 43
364 269
720 355
53 562
596 160
82 39
873 304
799 525
232 29
113 505
507 389
716 810
737 257
350 589
539 413
560 774
208 619
318 538
245 538
740 122
160 270
124 880
182 847
844 147
2 42
594 29
461 711
684 154
211 535
88 747
31 181
553 506
639 815
140 883
288 108
472 249
148 358
538 497
924 588
686 663
727 903
828 10
259 330
153 723
776 437
740 846
619 576
352 910
644 482
388 619
153 183
300 757
470 827
260 750
370 199
427 475
263 426
69 321
514 462
70 232
495 150
11 584
620 537
329 919
754 381
258 35
426 538
777 306
262 172
192 291
766 717
713 282
197 905
199 917
389 242
30 764
215 462
72 509
681 63
681 754
459 697
300 200
322 659
382 771
93 799
169 726
228 517
856 162
358 429
361 95
550 666
308 849
58 556
314 658
667 343
815 215
391 536
70 874
809 535
241 85
521 363
722 211
525 425
98 10
175 528
876 387
492 661
114 729
78 318
227 865
598 431
214 645
217 602
849 410
277 81
516 886
907 848
197 415
270 383
324 554
835 289
535 43
460 89
318 566
764 578
442 779
766 767
364 498
507 581
54 868
865 619
366 343
721 196
209 37
173 767
429 107
370 922
439 148
478 337
843 269
667 558
337 778
429 729
570 287
147 684
683 475
691 709
577 861
124 165
166 35
256 399
774 683
813 900
281 441
266 423
694 498
402 104
701 762
832 130
376 179
821 416
179 720
314 105
875 561
71 466
324 457
110 471
794 686
407 255
693 604
152 714
883 527
147 546
439 544
704 234
336 271
299 344
782 343
822 885
891 115
564 139
433 703
657 34
311 353
421 737
389 61
389 904
678 6
145 810
582 431
403 113
171 867
479 186
558 326
908 575
160 319
287 724
793 686
861 36
471 567
773 564
634 721
693 327
235 390
370 108
99 845
109 679
832 457
408 438
452 284
267 14
520 587
703 709
190 630
157 694
395 602
732 705
529 895
170 514
121 830
638 160
234 170
659 464
274 612
166 149
855 817
710 27
855 539
327 776
845 669
558 746
6 231
924 811
814 702
486 582
12 7
588 376
690 446
176 333
487 169
571 730
384 341
883 403
719 450
299 732
724 238
582 724
805 346
201 292
294 268
57 37
619 496
416 154
589 494
879 227
258 596
541 812
301 455
232 285
706 673
468 19
540 191
59 745
687 503
729 242
587 681
436 830
630 585
669 899
288 69
558 617
451 689
360 224
702 384
501 316
45 851
539 410
109 839
771 147
703 501
48 39
892 101
326 867
56 562
879 418
240 452
79 847
223 133
300 248
200 385
49 56
530 870
72 871
629 784
519 776
540 376
67 684
158 885
68 840
411 602
628 459
647 382
634 612
823 601
886 727
775 474
814 30
907 415
261 779
158 78
174 418
294 685
133 150
559 718
190 530
249 182
411 323
105 172
676 477
211 613
350 718
228 529
279 631
891 45
865 714
256 670
921 840
904 687
233 507
379 628
442 265
498 807
759 131
870 386
284 494
117 609
87 475
494 150
715 620
514 341
111 465
409 548
502 854
506 413
162 180
347 240
405 528
209 247
299 568
525 372
637 239
530 747
842 63
453 425
595 349
615 237
780 774
160 844
605 641
604 911
608 720
365 125
407 722
33 163
275 880
83 344
816 534
357 431
143 910
115 798
576 284
814 337
48 229
799 519
570 233
272 477
195 434
572 131
476 232
777 843
6 375
390 397
266 634
304 441
729 53
552 676
129 149
761 849
388 264
427 904
431 383
550 404
914 765
130 790
554 859
737 489
135 726
112 755
139 166
834 470
252 671
811 744
794 899
9 329
818 538
187 777
128 735
328 561
384 190
204 873
6 720
633 924
483 728
103 922
743 323
76 601
573 747
722 560
524 607
483 553
82 915
856 578
286 499
809 7
921 176
777 46
444 912
328 20
611 796
295 31
203 54
451 238
234 703
461 86
872 192
334 708
705 496
247 770
403 645
533 554
554 759
829 484
98 667
906 604
299 262
628 438
379 858
401 743
275 241
907 206
835 828
220 915
292 704
88 852
347 220
831 142
497 644
134 146
871 335
856 359
214 172
342 465
914 452
639 500
761 558
777 305
279 346
652 208
512 835
861 198
863 811
774 711
294 872
208 351
909 848
127 781
384 543
640 850
776 667
65 619
786 150
73 321
36 339
149 609
633 377
407 809
692 585
913 281
93 196
476 204
177 716
741 190
190 140
48 677
32 314
343 75
2 52
850 336
101 602
514 558
342 639
334 480
681 410
643 552
367 360
296 551
101 316
915 155
230 144
124 627
159 747
566 653
722 56
743 760
13 678
86 562
400 378
555 47
856 731
373 632
120 905
768 276
918 549
170 466
172 498
317 759
726 39
875 238
565 235
804 917
149 21
370 64
365 398
865 30
327 807
85 565
24 440
257 348
869 507
304 782
653 148
360 368
527 208
509 262
183 542
226 754
135 301
109 172
124 360
660 588
6 26
445 538
320 87
576 239
597 894
603 107
550 652
700 121
757 120
275 611
44 501
762 885
742 626
12 27
354 816
782 595
322 252
145 43
384 7
862 854
779 763
501 112
564 680
195 666
695 274
600 475
230 42
819 635
626 509
534 519
574 720
704 393
67 772
910 758
698 686
436 121
517 395
666 384
358 148
285 876
267 673
384 425
55 73
704 226
335 337
620 385
361 829
751 195
809 643
675 338
39 274
187 141
278 804
50 769
102 24
653 360
876 631
518 115
636 368
438 868
777 753
432 269
379 451
419 25
256 405
20 502
77 184
742 353
409 19
706 779
377 537
217 443
509 130
590 661
39 335
591 435
900 895
483 827
249 701
123 506
912 336
842 871
699 47
20 159
738 523
301 775
321 518
549 150
825 629
806 433
113 273
95 129
44 482
484 294
767 46
626 4
882 465
590 411
443 721
158 761
52 635
308 432
722 695
768 118
850 185
250 316
533 511
224 900
6 763
602 866
882 468
909 577
181 917
576 19
671 652
893 386
865 384
832 627
885 755
135 270
670 346
892 222
786 642
767 164
330 723
681 540
391 561
250 752
723 713
813 77
210 857
194 575
157 425
666 631
257 499
296 253
96 650
99 317
102 218
907 556
692 688
825 752
608 224
100 900
592 106
205 110
150 172
23 918
299 700
268 466
201 817
826 138
223 21
706 17
525 321
305 230
72 546
89 708
499 889
244 151
725 21
545 76
181 776
479 600
478 720
502 257
820 516
36 893
476 356
646 583
287 594
97 300
49 661
745 821
299 706
746 428
379 646
452 798
629 774
500 145
227 635
193 244
802 647
485 425
878 830
644 658
866 798
596 769
874 859
143 420
471 635
862 153
522 290
162 905
231 769
350 679
255 112
312 483
24 142
649 112
88 363
424 701
472 149
92 838
453 424
364 424
774 402
333 194
912 637
181 318
147 57
68 896
586 136
321 704
733 39
788 505
847 756
477 361
347 169
177 568
487 197
34 899
271 850
115 340
794 460
481 20
319 427
506 460
28 900
713 559
119 72
509 596
136 552
48 698
909 264
620 240
361 242
442 751
647 832
483 246
46 595
50 472
639 37
733 32
735 923
5 512
869 251
190 516
266 406
894 859
164 167
383 584
349 680
525 357
708 667
160 401
916 403
370 488
833 523
65 921
835 808
743 921
196 374
202 22
175 446
41 172
635 698
564 630
914 443
74 44
609 559
585 59
558 431
194 280
453 755
586 924
37 265
121 248
600 528
837 301
75 731
520 103
629 907
26 775
903 491
616 59
308 589
288 443
205 761
763 602
62 637
400 89
255 729
681 69
438 65
593 686
443 886
264 206
674 152
466 707
803 13
567 39
5 555
792 676
902 148
512 649
238 349
858 378
632 168
762 124
852 835
783 842
236 408
89 610
365 572
761 724
639 735
823 597
624 454
454 809
916 630
691 891
263 562
94 184
396 63
537 527
442 333
870 901
93 813
49 357
175 429
178 745
880 420
257 880
884 865
504 826
923 112
63 859
446 575
432 783
164 617
40 613
61 220
342 826
487 888
76 664
574 67
906 673
89 572
327 372
37 895
594 108
353 460
408 17
707 490
174 135
547 62
289 786
676 666
733 492
312 34
277 715
663 908
687 912
277 644
87 493
862 675
168 459
482 449
816 924
423 389
911 585
863 574
740 320
687 246
817 115
563 627
497 575
24 441
885 612
246 8
690 9
747 56
361 645
730 461
366 348
209 28
28 610
379 889
476 847
164 704
374 287
182 183
534 525
847 131
890 643
669 853
141 69
822 914
808 6
370 318
614 911
493 84
451 524
334 613
217 836
790 570
848 34
8 916
464 283
604 186
809 108
479 93
9 270
135 239
799 132
864 717
787 594
326 149
924 634
923 680
638 7
775 100
171 869
409 152
375 520
358 149
837 755
340 829
475 491
383 290
315 66
136 314
601 426
269 525
74 490
573 479
870 131
700 131
920 596
354 615
795 439
100 924
231 629
472 91
660 436
703 182
441 813
504 33
819 247
192 879
246 731
799 229
830 65
19 185
627 652
42 673
670 845
583 841
570 251
337 604
384 207
258 127
867 884
540 382
143 210
326 731
22 127
652 597
586 358
33 885
532 162
54 241
184 16
131 66
631 308
283 739
232 167
233 882
116 108
297 718
282 193
783 128
880 279
38 121
72 367
49 912
376 757
238 223
596 95
344 474
346 267
143 519
203 654
65 788
801 152
235 478
899 631
477 437
5 504
921 201
31 2
417 871
671 478
592 845
264 888
318 399
803 458
239 220
294 857
44 900
856 609
413 644
160 168
739 579
56 105
20 396
461 696
388 104
392 470
781 751
16 380
343 692
839 723
203 532
511 215
496 372
776 859
599 473
623 24
734 672
554 74
170 230
406 655
669 192
318 438
598 147
818 16
603 657
307 899
469 656
170 736
418 504
239 558
602 454
496 594
560 236
6 275
709 639
471 54
143 533
827 326
459 93
60 245
78 641
883 382
766 388
767 286
770 497
670 16
610 71
520 366
424 643
480 405
581 454
732 598
731 710
650 833
225 906
691 897
565 557
674 634
602 159
492 815
18 579
60 720
624 373
462 360
486 547
529 853
287 696
476 461
371 843
101 94
871 99
128 921
456 54
260 16
144 688
48 309
855 26
340 904
531 119
491 153
898 657
72 482
259 344
449 562
23 645
427 772
281 657
138 778
175 84
15 533
642 500
774 445
826 215
791 213
353 636
156 186
257 336
350 864
184 318
334 403
686 100
836 398
503 130
819 517
242 594
206 201
247 338
73 829
758 271
411 711
48 699
30 170
31 824
698 615
164 450
644 641
186 537
442 260
705 34
481 245
652 623
610 70
121 657
569 677
457 695
499 610
880 142
486 684
512 451
180 369
487 855
1 724
862 620
778 10
573 101
645 245
41 836
68 267
851 266
63 232
639 513
160 257
271 653
631 374
794 758
686 7
482 244
781 699
412 34
492 368
420 383
244 27
155 320
92 821
824 17
309 28
24 228
886 388
527 73
614 321
384 183
699 541
323 24
150 121
357 555
675 887
692 756
660 363
633 459
460 190
271 827
328 835
38 530
888 529
65 219
48 322
266 409
432 92
415 795
434 518
774 49
904 80
503 286
913 294
541 310
33 220
733 409
842 637
362 227
896 595
859 345
645 852
7 447
348 202
877 416
607 28
573 530
428 39
181 11
763 908
183 832
607 791
167 650
773 827
254 502
567 279
656 140
485 510
107 426
105 921
743 912
11 247
17 886
548 470
80 602
520 336
206 886
617 77
284 113
750 830
54 314
898 724
593 212
901 275
428 30
176 404
125 326
737 895
295 771
26 603
746 291
659 731
605 160
66 110
664 15
488 239
270 555
380 370
914 726
40 162
538 26
147 4
408 379
580 78
89 846
681 14
478 824
321 921
672 225
48 779
214 183
603 757
683 476
60 395
31 770
507 607
128 104
464 440
687 621
502 214
791 515
222 177
120 76
598 444
29 491
268 393
182 579
411 76
676 365
87 739
53 68
915 153
579 380
615 872
513 195
173 760
592 905
722 516
486 738
162 729
380 384
188 817
129 384
77 21
450 137
677 838
56 880
477 683
579 124
122 753
68 34
196 911
571 93
609 258
113 357
477 135
116 822
172 589
650 883
106 268
325 920
173 93
132 662
873 38
517 412
638 301
909 875
567 883
239 482
42 240
742 768
30 412
434 326
749 690
364 574
267 212
224 904
689 911
341 405
125 72
805 652
332 38
99 223
924 404
321 262
92 314
73 51
310 288
186 308
702 699
867 194
406 450
889 382
817 778
328 223
437 713
355 727
377 853
875 787
217 700
623 12
109 524
496 735
171 199
779 457
28 169
872 643
201 315
398 847
383 921
421 609
335 239
475 891
447 444
747 39
216 40
344 29
694 728
740 641
221 894
37 593
524 536
803 880
776 779
521 7
333 406
691 828
45 232
446 804
249 551
164 125
593 518
170 721
245 374
619 514
525 559
514 618
472 473
474 904
695 654
511 407
336 494
431 460
839 323
326 103
61 426
461 783
856 836
359 606
92 672
554 64
458 381
919 813
334 86
852 90
428 897
106 772
470 91
677 450
185 806
921 748
162 196
62 799
732 400
252 263
646 772
725 789
358 586
325 690
397 741
568 879
863 438
367 317
454 372
408 172
373 678
48 243
603 470
381 81
329 512
231 221
511 167
224 916
370 363
812 903
337 139
524 185
360 308
233 74
257 458
774 748
779 77
284 549
659 198
419 586
596 875
886 14
66 515
838 429
509 164
187 347
228 169
564 120
855 28
452 68
181 125
734 253
365 646
258 653
423 325
105 774
804 574
492 808
197 329
757 144
244 152
444 791
450 468
506 226
582 822
129 764
331 792
481 416
427 601
317 794
382 437
719 889
427 758
445 11
394 859
734 862
401 538
297 529
793 726
521 505
741 158
652 303
53 631
864 333
379 34
352 255
522 299
85 577
158 706
714 716
252 840
473 90
913 739
829 834
132 502
629 720
838 380
541 185
178 695
474 853
316 156
628 630
492 223
41 834
406 876
200 582
512 235
757 7
903 808
910 105
484 775
322 531
71 364
551 27
862 174
777 919
749 593
727 576
670 880
712 743
528 254
699 918
595 50
102 413
728 593
491 150
881 255
312 718
355 861
651 664
653 681
121 552
26 903
625 242
625 517
846 16
261 486
744 704
447 463
363 204
127 205
916 70
899 134
127 134
411 288
582 649
569 875
415 360
713 897
533 443
165 881
846 743
818 516
300 536
729 334
184 288
494 573
615 846
812 155
585 756
177 327
159 654
328 288
520 105
47 893
482 323
579 518
636 32
802 536
105 568
143 625
220 722
275 242
497 883
78 304
544 884
656 514
231 294
113 675
476 321
8 721
874 444
208 691
328 109
57 100
295 347
6 705
44 89
580 187
356 144
251 465
471 122
865 605
3 369
884 209
333 640
373 281
101 788
227 892
581 85
865 193
768 392
680 314
419 174
645 94
115 306
206 42
615 186
672 212
545 858
637 137
549 690
237 688
143 796
521 843
367 904
649 337
870 56
717 375
183 447
460 634
600 346
654 198
619 443
786 854
678 248
29 874
590 110
701 57
690 375
768 399
890 599
521 438
22 272
630 839
617 221
305 921
414 478
579 620
174 133
88 604
692 706
481 527
329 790
24 35
743 586
159 96
362 124
881 623
794 385
7 428
410 835
714 376
132 899
849 407
315 287
225 832
762 774
691 843
892 818
253 103
457 610
277 418
560 648
639 918
842 218
678 155
130 856
540 659
703 97
819 19
201 872
901 78
297 720
368 256
155 292
357 661
356 483
533 865
729 258
841 344
697 297
511 833
847 342
612 188
758 183
761 145
234 665
532 906
921 782
247 397
235 784
254 449
22 918
902 769
872 170
908 915
216 857
288 281
732 353
407 274
856 19
451 729
892 27
803 662
788 757
554 109
893 899
166 159
477 448
740 909
482 909
746 27
528 218
483 140
867 79
880 510
764 619
12 13
218 745
266 732
679 420
257 261
725 683
389 662
467 202
214 511
677 520
883 850
668 656
119 438
263 504
564 158
392 426
252 706
328 765
535 474
665 111
761 163
908 675
247 644
710 745
532 54
130 715
783 784
441 640
397 616
862 754
918 32
726 664
268 288
489 277
916 126
112 631
295 83
374 811
87 144
820 15
604 460
128 738
882 183
560 874
486 256
343 578
568 266
733 716
117 326
101 215
871 488
896 219
625 179
827 731
754 537
517 267
574 803
840 277
11 256
748 626
17 835
713 446
514 76
718 867
114 779
778 703
598 20
122 853
286 655
805 326
291 426
519 370
756 838
73 83
126 91
833 54
302 307
529 285
130 823
222 607
833 777
505 585
626 397
866 508
758 556
815 894
851 561
746 531
235 727
347 286
829 915
393 647
690 663
377 189
694 824
273 71
882 56
367 21
370 347
450 768
690 477
411 209
359 319
196 227
225 413
564 7
148 465
902 561
629 24
773 643
832 822
463 694
372 556
874 708
235 575
587 233
456 10
556 453
596 732
157 526
213 583
369 499
191 142
675 747
434 775
436 412
334 276
443 482
428 374
512 321
2 393
76 384
920 667
547 690
523 534
125 258
271 260
94 377
406 94
726 441
605 787
796 704
920 271
22 174
651 884
155 718
617 303
391 172
268 807
105 579
123 812
911 63
382 918
138 214
175 730
234 98
327 526
456 56
457 398
758 573
719 25
335 504
260 623
644 150
639 219
811 164
831 576
836 863
341 783
175 824
142 133
127 329
681 264
311 221
167 135
44 5
249 782
452 917
270 180
123 651
80 134
388 71
143 379
682 530
148 349
387 476
135 618
229 225
266 381
25 391
916 407
863 61
229 423
407 910
123 845
473 384
220 923
275 35
789 609
287 653
764 770
822 776
383 629
22 671
480 444
857 196
629 513
833 264
458 153
312 266
795 369
155 548
635 132
131 857
889 324
110 583
283 562
530 507
309 29
201 157
682 629
187 683
61 771
135 349
873 569
412 83
587 327
904 194
276 853
518 828
45 730
444 726
446 157
235 673
176 43
897 77
754 5
129 686
403 690
260 813
561 277
432 688
749 254
833 630
325 412
788 612
199 808
77 180
402 1
775 367
901 105
280 819
387 633
634 692
707 278
288 120
486 51
362 828
186 734
357 156
764 332
514 817
163 175
348 772
149 725
811 62
675 894
227 347
120 383
645 55
659 243
769 396
608 148
737 666
555 66
331 828
158 240
142 533
911 905
459 308
921 905
25 605
462 668
437 456
445 408
309 481
251 489
34 219
197 637
55 132
583 354
438 377
518 434
561 202
780 103
144 892
272 731
259 133
304 626
847 551
404 226
850 110
656 215
809 280
385 203
190 473
522 610
445 401
802 892
905 120
14 446
808 822
440 218
741 377
514 549
185 236
615 90
469 637
810 916
206 53
462 419
537 205
820 878
841 295
96 331
255 779
421 587
480 883
488 756
799 898
490 187
872 794
763 864
51 457
108 801
755 711
601 527
496 349
665 921
742 288
564 604
469 203
198 76
588 632
809 806
258 730
904 78
483 665
800 47
763 917
508 316
897 49
293 110
633 78
563 320
304 526
473 503
551 84
274 256
245 257
597 75
584 42
822 228
845 189
830 100
425 856
119 845
870 143
671 639
575 7
323 856
269 268
680 279
455 481
866 561
280 378
617 892
428 5
84 615
570 298
861 377
590 354
591 719
150 899
756 56
766 174
287 723
882 100
243 175
227 380
162 155
74 489
184 244
459 10
278 247
96 879
597 352
544 340
194 872
787 184
93 471
712 79
598 138
536 706
100 622
781 133
70 279
204 119
760 778
779 176
85 212
158 762
249 179
217 447
398 51
899 522
755 17
466 244
704 721
3 211
553 70
368 562
707 544
80 459
151 485
174 576
819 263
515 587
533 355
756 423
809 924
797 739
856 918
418 730
296 727
373 545
337 523
321 753
913 450
455 226
646 598
374 181
