1000 9893
964 266
980 780
38 939
209 287
941 614
194 237
53 166
916 356
739 923
171 231
427 369
104 130
859 274
398 402
809 617
593 450
481 1000
890 388
319 692
450 805
697 476
695 825
810 69
765 565
749 80
882 883
798 783
614 982
649 210
456 920
751 631
956 861
867 106
939 521
448 44
670 651
112 121
209 901
62 684
519 8
766 606
71 845
844 616
277 473
10 740
77 615
410 186
732 969
316 288
267 364
13 320
162 666
571 314
989 71
737 974
483 970
979 977
158 726
370 689
45 64
28 946
914 702
641 345
915 678
400 553
718 345
651 410
996 539
867 917
210 144
67 297
417 298
380 311
721 804
519 489
79 406
674 370
720 476
51 480
594 445
584 123
841 620
294 227
205 237
959 452
553 797
720 250
996 95
501 679
194 241
778 724
929 2
693 217
203 869
422 449
579 222
180 51
185 355
649 492
936 809
892 254
78 769
247 154
820 498
571 956
532 430
701 305
424 259
596 601
868 454
784 547
948 350
382 566
255 268
771 319
165 20
195 773
87 787
878 522
94 21
153 997
210 526
815 31
981 259
141 124
862 30
899 402
888 629
460 822
173 299
581 446
799 523
247 734
340 492
843 511
573 202
261 920
964 718
870 916
905 784
728 909
547 499
841 146
126 356
309 908
790 181
204 814
386 135
608 850
900 940
447 643
818 277
819 532
135 6
436 602
723 496
483 887
339 507
323 798
585 503
359 40
432 215
589 440
510 451
6 160
872 756
724 637
690 573
44 131
603 356
443 402
43 173
402 265
656 516
664 15
429 889
295 19
333 348
56 584
195 391
472 512
585 349
321 301
427 540
647 732
482 344
66 27
998 688
655 241
57 836
687 704
7 722
674 973
859 833
520 315
319 145
8 111
134 723
302 401
325 528
774 684
58 890
636 910
88 908
269 201
496 465
339 893
503 566
761 441
535 323
819 436
303 783
696 419
148 716
973 899
61 329
31 881
914 563
993 490
940 567
944 562
338 225
214 948
202 368
274 805
137 823
597 585
604 379
128 30
241 891
348 57
828 371
748 510
6 979
723 31
337 296
407 624
434 558
367 207
115 207
764 788
867 860
712 923
698 210
560 49
719 888
405 768
764 599
160 717
542 225
16 545
698 69
38 674
208 313
313 672
542 850
745 102
673 897
251 765
738 821
635 522
925 235
306 207
487 874
146 658
698 423
403 1
612 353
376 733
195 355
220 982
920 772
868 90
925 13
273 686
311 914
755 456
313 349
743 943
707 365
476 834
494 399
441 513
28 39
227 595
769 963
901 198
706 446
472 88
203 408
611 487
242 79
755 376
325 901
967 474
296 149
403 923
776 159
758 134
767 377
295 962
204 661
93 38
288 600
73 214
602 956
174 116
266 599
753 517
594 432
105 403
991 519
633 95
705 442
706 917
361 380
204 485
383 727
956 365
901 506
957 516
709 99
737 122
684 679
866 606
116 97
253 928
76 695
103 104
24 409
243 15
171 282
82 371
909 724
750 706
845 214
812 33
372 472
466 613
141 955
899 490
776 721
739 700
445 569
209 464
789 864
259 941
665 690
225 891
858 133
494 329
556 828
426 41
372 877
446 44
108 699
754 69
440 133
833 370
887 163
212 617
363 388
735 383
277 947
463 613
726 86
730 157
645 43
52 897
715 195
454 885
995 83
1 802
473 797
271 470
644 92
574 149
351 772
291 553
708 315
460 700
563 213
66 519
214 676
574 503
265 779
951 755
328 433
2 174
476 281
23 196
120 819
541 647
840 556
861 234
374 619
323 519
801 939
128 535
607 555
520 621
751 418
228 648
814 915
548 91
296 604
565 266
462 105
432 12
909 534
770 380
485 928
668 806
444 786
798 161
875 542
91 47
609 686
572 534
332 787
974 486
778 181
281 635
927 980
452 500
536 511
648 665
920 94
171 36
121 997
310 617
152 375
337 845
431 655
529 329
623 155
436 55
899 697
241 169
938 209
25 664
7 600
35 640
769 617
293 379
129 714
83 811
82 810
319 683
602 21
792 589
304 923
143 334
751 549
106 246
632 915
660 292
429 525
981 32
31 745
861 522
795 138
102 486
523 885
658 148
933 30
717 695
222 239
636 585
472 302
517 899
69 417
780 278
748 418
14 618
988 465
607 361
535 28
224 270
177 184
92 269
330 406
922 114
427 560
67 601
379 859
395 222
474 637
970 838
257 145
741 537
835 839
362 918
35 4
953 521
921 43
499 83
34 340
897 978
680 478
173 585
871 872
557 939
766 134
474 270
444 822
858 424
380 948
346 196
111 68
500 589
38 791
637 28
603 404
732 304
336 65
998 599
910 533
158 286
17 922
976 113
23 249
315 968
632 610
282 689
18 151
646 285
960 564
597 321
748 947
910 422
604 655
643 41
915 460
756 882
983 505
664 418
929 760
201 513
626 290
578 129
909 295
639 568
291 528
627 884
98 122
356 678
343 860
880 40
248 450
856 1
269 938
323 269
351 645
593 870
942 435
709 364
179 901
823 500
329 16
130 67
921 372
121 150
747 70
451 517
586 72
236 705
941 154
317 640
157 683
214 804
732 801
126 16
988 219
534 107
469 842
955 722
372 176
625 768
992 13
224 999
297 893
746 20
432 212
343 486
99 834
63 999
319 329
357 6
380 873
229 92
209 495
817 686
807 373
699 852
630 952
242 985
479 900
650 432
445 532
483 449
104 195
11 374
108 946
114 31
167 107
228 107
601 727
780 642
974 492
289 249
385 654
133 56
134 259
651 695
356 183
324 917
506 388
170 63
557 577
411 827
360 833
252 343
414 674
539 2
830 106
118 264
193 103
411 936
753 111
554 104
496 16
976 266
628 517
99 77
709 780
194 331
142 219
515 607
549 401
958 281
763 163
303 972
624 875
217 267
273 233
537 804
188 412
282 841
202 524
799 684
602 670
805 27
383 99
644 927
387 398
615 692
429 887
304 95
474 864
400 3
553 67
93 138
844 582
204 741
154 62
338 307
947 375
966 433
54 543
36 62
713 336
261 991
411 926
638 457
196 292
353 775
671 789
747 179
544 442
608 795
880 528
205 643
284 822
585 61
660 457
737 234
43 441
906 841
814 854
866 368
99 894
488 167
328 816
112 935
78 252
634 820
124 394
345 595
920 323
533 392
186 293
314 478
924 539
265 178
164 896
609 611
225 890
601 563
637 181
714 940
768 166
436 92
937 529
185 468
393 167
565 57
250 70
894 943
364 718
200 695
275 199
735 118
541 32
89 225
623 356
665 462
679 150
822 126
278 580
498 535
248 830
325 582
532 404
754 292
95 108
922 552
790 546
688 698
339 726
291 603
208 543
852 792
320 249
450 628
606 267
347 996
442 580
62 601
86 510
891 739
21 51
92 516
992 27
57 272
277 630
546 929
224 355
351 586
118 835
429 236
959 108
110 851
454 321
252 783
480 76
979 98
236 521
809 487
358 595
813 407
961 684
102 166
656 94
159 37
549 493
445 341
664 633
849 579
443 286
537 414
404 163
650 647
355 644
30 189
984 921
916 198
719 819
334 215
30 204
840 120
317 281
987 801
584 125
717 447
321 470
929 151
324 719
697 179
181 66
5 148
821 18
678 645
420 669
598 500
100 229
599 157
713 778
699 747
265 281
194 401
801 191
179 383
324 563
536 956
890 492
632 805
891 48
29 449
640 618
553 735
346 583
832 386
657 441
118 227
501 281
448 411
221 746
79 764
227 297
744 733
283 459
360 710
435 308
312 553
791 915
537 739
870 680
544 212
448 185
785 359
987 972
883 783
519 869
973 925
818 94
201 928
163 673
341 784
117 252
121 249
763 550
88 494
54 711
736 426
845 712
480 104
922 115
872 826
837 100
325 400
842 266
951 508
184 944
793 966
483 1000
40 399
510 231
270 249
612 445
64 565
817 73
528 132
487 525
146 891
234 461
741 762
79 455
216 971
984 885
980 737
214 453
388 140
937 830
432 675
600 820
711 756
358 612
271 951
281 711
691 888
110 116
699 553
702 344
152 340
246 628
411 673
639 999
381 575
540 642
356 355
51 503
544 308
180 801
599 278
105 694
913 385
159 913
99 80
762 752
284 230
530 138
658 471
553 315
700 574
243 977
959 527
691 421
213 169
199 906
883 973
772 226
832 285
245 248
608 362
965 735
244 560
235 958
507 565
667 77
5 622
905 210
31 994
583 177
674 962
848 481
700 499
115 661
520 889
481 67
879 863
700 98
409 143
727 795
322 900
931 782
895 449
182 404
885 219
443 120
335 190
619 323
26 519
434 605
949 51
292 835
900 898
499 385
816 333
245 685
728 649
606 686
618 195
367 382
409 858
619 289
103 400
58 115
370 257
851 514
27 217
327 941
589 346
930 701
391 883
619 611
559 850
48 404
301 574
253 325
147 296
313 16
423 111
560 63
125 721
765 490
12 646
587 982
436 970
141 711
204 414
150 796
104 26
391 610
329 401
622 316
623 109
517 816
206 615
523 355
69 953
858 94
161 566
242 267
872 174
834 718
556 632
902 916
264 8
66 236
765 558
514 888
950 896
809 812
666 943
833 182
688 671
283 149
190 740
943 430
752 177
933 68
256 986
779 802
106 626
69 398
161 851
330 122
369 720
188 294
266 706
122 504
718 644
459 547
939 861
211 66
835 889
140 126
452 824
329 51
793 668
666 402
886 377
422 567
839 161
758 935
909 927
16 210
325 360
383 678
689 253
211 273
175 682
92 20
419 380
591 242
439 865
647 188
963 379
653 491
175 795
289 856
732 36
888 218
998 163
968 146
319 87
120 435
703 843
896 78
181 252
807 734
786 533
398 375
381 389
453 776
807 233
705 611
302 787
102 545
110 44
539 740
41 534
885 902
889 430
319 800
748 726
125 625
882 908
571 500
554 442
97 701
665 835
282 537
640 8
506 507
515 557
611 436
294 960
904 20
208 641
247 800
140 478
69 576
491 498
678 90
492 73
493 672
614 932
740 743
322 894
869 965
285 692
687 169
145 1
936 276
956 975
316 110
33 197
848 735
481 26
780 364
791 12
47 808
812 747
880 863
165 689
974 953
97 91
831 784
922 28
5 856
687 284
528 507
609 995
605 227
736 382
331 870
614 371
908 494
488 599
144 259
680 341
383 602
162 379
516 650
665 80
519 341
978 249
651 165
950 633
987 333
290 23
849 364
703 665
378 610
530 961
802 186
882 492
898 585
777 616
444 899
232 137
61 734
513 934
994 773
646 122
209 239
547 707
894 750
897 432
241 222
315 775
726 295
341 779
473 387
954 340
194 127
397 698
34 724
806 350
57 813
322 262
277 225
816 526
708 628
602 19
113 198
331 11
230 799
857 675
341 478
804 986
696 72
347 805
65 20
696 178
218 570
112 9
558 536
904 927
629 682
545 915
765 824
978 631
406 500
892 508
374 980
18 644
974 763
923 139
999 156
451 666
841 262
883 703
206 400
559 404
680 257
755 633
899 307
666 458
23 859
101 599
338 139
49 452
32 758
785 456
257 151
790 59
813 506
248 100
653 471
966 664
128 868
721 603
757 301
885 280
465 421
344 391
988 23
370 282
137 587
279 768
297 44
251 613
755 949
373 857
48 489
233 931
896 135
555 506
662 434
760 844
172 842
986 274
368 997
169 724
375 226
488 414
215 853
454 759
842 929
366 483
42 509
116 654
134 293
124 145
216 983
697 519
94 553
226 737
298 18
620 669
872 179
801 233
949 465
532 367
825 227
311 824
782 243
506 448
697 281
276 668
830 223
317 504
778 634
446 708
731 566
645 382
735 198
287 709
575 72
832 495
90 976
887 395
31 719
855 745
948 317
715 26
276 568
40 786
368 143
701 195
500 388
542 864
951 543
469 47
744 585
156 719
269 936
53 881
438 993
554 950
689 613
192 155
121 43
62 421
430 133
201 67
398 679
610 481
774 798
151 309
672 516
547 400
344 629
418 708
666 46
135 865
248 17
529 285
718 506
186 203
629 165
229 279
728 650
20 854
178 123
62 490
96 163
333 138
885 621
941 459
376 915
197 619
346 311
917 162
501 855
634 798
798 255
508 7
630 958
959 392
651 971
48 356
690 943
431 611
595 174
272 860
275 463
100 88
157 15
506 659
927 575
87 178
381 593
114 834
982 197
446 888
214 51
493 8
692 474
330 679
294 74
146 85
866 324
683 774
756 848
122 180
639 585
584 961
1 987
790 581
117 383
248 514
635 510
875 431
89 470
148 909
458 37
973 834
541 414
784 765
919 876
844 753
245 76
413 686
268 437
37 368
499 721
512 235
487 400
193 707
988 266
478 764
124 960
46 176
509 154
349 369
685 247
44 257
139 31
656 387
548 177
163 149
789 169
43 443
864 213
327 912
475 933
731 148
767 242
436 824
976 797
722 305
391 560
309 167
705 610
507 133
109 506
915 187
764 58
899 751
53 228
548 40
748 614
910 493
65 158
123 384
431 443
899 909
720 829
58 316
620 319
83 188
809 920
66 156
652 578
657 220
297 816
98 32
279 85
482 835
493 864
22 825
269 623
723 924
690 265
127 12
588 530
794 177
784 206
649 658
559 499
248 363
671 725
550 722
572 126
116 418
408 411
390 735
124 885
641 691
145 588
220 128
681 658
386 302
341 827
652 21
12 180
190 869
624 420
399 724
559 582
323 806
34 335
55 487
556 328
479 683
150 409
564 835
763 12
750 626
417 302
572 674
738 662
354 835
210 287
808 484
672 883
698 120
590 10
955 411
59 718
777 623
299 223
963 116
447 47
931 402
695 341
147 355
755 246
812 407
377 296
678 552
698 346
863 612
845 473
721 75
617 138
636 418
986 81
857 876
933 630
184 75
310 543
194 629
668 485
775 451
75 291
661 552
276 522
338 616
907 984
804 624
768 418
94 364
494 586
976 325
481 633
842 661
996 389
682 507
777 261
834 302
530 55
635 441
787 860
593 605
57 236
35 636
916 815
611 177
374 313
191 861
469 603
632 230
987 895
509 399
343 520
144 66
664 697
666 459
448 71
903 490
997 490
31 191
269 758
254 12
607 146
723 7
638 150
573 30
565 238
686 232
302 203
641 441
861 286
383 25
760 111
334 502
462 507
307 713
929 486
162 15
682 726
777 570
794 760
328 684
271 768
740 990
77 113
495 486
8 584
483 422
232 230
638 850
829 852
237 875
77 962
786 602
897 403
260 603
955 645
761 898
962 187
104 79
927 747
877 812
594 638
330 561
664 305
518 444
901 460
527 390
105 555
473 15
41 307
240 872
584 599
713 949
865 654
839 44
947 928
87 749
181 536
597 160
943 404
947 977
568 410
161 964
571 845
165 52
464 883
321 798
145 456
614 764
353 30
466 279
763 599
231 21
642 306
236 685
993 494
685 496
203 883
805 983
440 885
225 181
616 930
837 70
175 547
987 633
605 42
988 214
681 746
439 238
908 439
323 849
441 510
300 71
171 922
837 376
508 290
181 452
685 948
516 384
279 807
375 562
15 589
751 343
676 536
723 188
494 87
422 720
116 973
707 162
356 92
788 33
493 229
440 399
920 921
889 873
398 264
860 627
950 738
39 46
540 625
302 868
782 434
990 385
17 532
487 327
74 975
191 355
722 767
100 191
730 18
566 436
436 153
166 6
635 147
285 908
201 593
582 378
672 246
66 797
92 797
329 501
957 638
313 684
389 527
467 355
804 610
1 843
687 951
805 24
575 610
736 630
943 895
265 892
699 594
77 80
738 335
88 424
272 223
295 685
131 660
387 574
905 957
659 950
16 212
183 88
646 592
651 137
357 837
230 221
927 73
323 380
99 775
496 232
805 702
220 370
68 942
984 815
572 526
955 382
958 563
336 494
68 829
966 786
259 768
591 387
581 633
579 638
218 113
38 940
26 940
133 904
579 88
121 958
932 868
138 993
992 430
199 264
441 152
754 65
95 229
958 79
778 721
301 929
986 156
125 736
348 589
94 369
296 456
207 690
173 894
209 589
446 306
449 254
485 744
459 901
667 376
652 748
283 115
925 672
819 165
454 248
763 320
658 172
625 167
7 561
50 444
892 667
469 582
71 278
221 421
611 229
795 506
836 646
467 93
932 177
662 782
650 846
136 572
193 573
654 418
303 688
767 127
202 293
900 550
408 412
45 921
28 745
947 453
552 499
241 950
12 181
770 457
225 366
922 316
555 467
708 269
567 764
267 65
459 454
713 597
805 705
367 209
77 362
581 938
694 219
309 375
441 167
4 560
937 967
257 373
263 506
439 643
805 194
68 785
772 907
461 382
816 851
624 72
574 750
212 939
547 594
843 763
368 729
904 325
298 60
172 533
691 575
307 774
345 255
700 823
539 627
276 523
924 143
334 607
545 198
711 337
469 38
237 458
517 40
547 737
27 308
834 188
504 711
502 982
543 836
680 586
329 572
178 918
429 521
835 538
50 382
268 649
985 169
14 477
805 510
273 37
493 642
317 180
778 934
377 409
468 64
696 291
827 523
511 98
222 211
334 553
49 655
726 707
783 568
531 467
553 237
58 951
921 499
207 202
390 912
700 89
793 681
698 607
512 847
231 65
595 482
389 177
653 254
783 847
720 881
735 582
370 566
44 315
380 611
213 285
992 101
205 328
187 197
488 964
659 863
987 314
513 230
72 402
661 38
37 988
936 882
941 374
674 403
215 113
73 520
646 347
997 47
110 270
641 203
297 696
863 970
24 243
301 761
341 956
177 939
270 376
483 59
886 744
474 832
172 618
265 88
958 98
133 81
762 541
742 735
602 66
611 272
5 407
8 389
262 526
285 935
455 507
956 572
242 452
613 723
644 129
972 310
494 726
558 715
706 454
709 933
356 723
674 680
74 364
38 286
667 465
795 132
714 860
145 463
58 984
663 133
780 171
61 211
300 621
692 939
198 84
571 554
2 227
204 765
575 990
762 722
338 331
102 432
838 4
508 895
900 132
533 730
308 803
511 356
207 712
606 510
923 262
338 218
286 586
127 852
154 406
580 618
124 958
741 569
96 951
174 366
839 648
989 315
956 420
315 276
249 536
771 521
846 463
773 984
261 443
44 61
210 341
428 156
687 690
894 507
681 788
244 298
318 695
615 391
342 297
38 566
648 68
6 16
157 156
627 506
242 36
629 648
655 818
858 170
643 986
369 431
976 81
170 168
777 765
56 79
700 776
955 785
995 348
462 771
636 90
86 127
87 402
934 425
956 593
902 907
9 968
51 325
271 328
757 619
394 296
804 540
255 370
477 724
295 928
406 336
620 356
895 930
226 35
292 351
130 366
991 479
942 753
250 193
322 594
514 520
236 492
634 43
925 878
13 116
841 371
163 347
847 301
39 800
317 243
378 732
642 279
53 964
830 644
780 425
799 351
857 618
822 532
658 525
718 421
899 269
405 476
173 16
908 453
112 622
441 424
349 335
689 242
267 36
345 772
128 486
918 773
116 157
408 206
484 345
732 39
805 701
590 957
992 412
775 21
707 867
85 827
696 7
864 838
722 156
794 561
190 414
907 498
203 529
593 137
591 386
194 884
662 638
752 822
215 942
316 490
539 840
764 197
363 740
384 691
792 304
13 754
413 312
557 425
147 916
424 527
942 849
724 4
252 375
345 19
859 170
648 830
955 938
139 949
13 980
507 803
74 706
611 441
780 596
783 653
956 859
453 42
83 737
672 386
250 114
335 319
213 991
691 188
642 328
53 951
628 609
206 443
558 844
5 820
947 425
912 206
940 756
615 954
763 655
286 386
914 647
985 731
349 290
225 980
962 975
615 11
954 701
694 446
948 986
259 513
894 901
477 414
121 653
785 607
34 333
346 459
914 937
348 365
231 896
12 404
675 44
493 505
846 7
315 449
693 400
452 354
215 581
293 802
45 493
798 53
120 990
124 426
696 539
713 579
163 638
773 505
835 313
17 945
419 857
355 855
212 948
216 559
498 853
530 384
731 257
90 443
367 597
333 613
192 583
246 270
707 296
216 333
604 672
790 801
826 742
497 356
441 762
411 916
963 579
433 764
969 898
342 908
199 13
833 115
209 825
411 5
143 762
791 830
60 292
173 515
860 854
277 549
407 934
601 489
783 571
771 451
884 632
705 347
247 724
505 429
13 444
700 90
565 220
858 974
862 290
554 755
480 108
546 675
878 269
914 747
864 450
628 283
404 877
706 841
46 286
215 445
658 740
418 897
715 925
704 426
483 893
304 24
488 965
987 317
950 163
201 480
21 85
668 912
676 615
820 715
214 622
253 460
737 391
831 501
815 976
428 328
565 697
73 527
257 336
297 943
404 417
945 707
142 533
34 930
72 369
626 776
785 687
382 539
911 323
643 993
60 789
730 766
379 105
640 445
971 429
113 901
673 555
673 59
700 980
667 655
498 968
105 698
616 202
347 892
618 888
490 987
252 558
753 983
844 490
578 154
710 611
526 106
36 722
332 960
754 507
352 519
71 133
246 167
230 536
344 171
572 430
574 289
446 948
816 812
435 389
607 315
224 432
576 133
748 387
792 133
862 399
147 262
277 283
634 502
762 291
286 587
805 981
185 692
516 408
809 402
370 712
776 549
858 853
469 960
625 682
701 757
889 781
563 716
893 877
289 711
438 32
665 156
741 649
873 257
600 583
637 1
336 402
224 875
775 48
997 864
358 730
232 4
152 103
775 65
424 213
690 987
752 956
929 226
487 864
293 587
440 401
646 65
651 861
798 924
94 633
846 904
940 437
29 242
603 149
142 787
663 8
781 214
591 892
173 903
856 567
29 355
674 888
217 963
838 522
105 662
469 221
34 799
402 230
591 914
743 651
344 105
472 94
711 618
368 637
578 254
249 300
87 864
145 25
807 619
791 870
174 860
377 80
654 170
912 453
657 764
532 834
169 316
652 447
211 217
947 205
368 638
862 472
560 90
192 250
980 131
800 505
456 341
171 57
978 365
899 511
684 639
408 386
88 502
157 793
35 229
291 79
269 671
476 81
349 477
845 474
746 851
569 826
235 474
474 574
477 441
638 172
376 520
344 581
828 668
423 344
461 997
988 310
245 574
319 283
525 732
685 279
91 934
694 253
676 856
865 975
371 968
635 782
360 343
442 222
869 218
341 529
858 365
949 850
719 632
284 759
604 776
436 938
661 319
176 782
65 960
124 101
656 120
38 829
115 531
60 733
820 145
43 905
299 291
601 935
603 241
129 736
114 286
377 568
43 806
356 295
344 295
968 673
757 733
973 432
995 200
292 892
691 707
515 529
398 183
401 113
916 560
34 567
758 313
354 179
892 439
420 826
351 770
869 716
959 720
619 899
867 621
70 57
273 345
370 991
39 886
226 347
283 256
321 629
141 162
633 908
117 227
67 978
196 758
716 113
23 566
540 479
785 480
179 625
864 295
899 360
663 270
175 741
804 171
163 37
569 967
257 425
646 717
72 120
788 278
137 700
104 809
727 259
530 829
819 844
713 497
536 342
186 339
209 82
319 29
765 61
622 414
882 379
96 588
828 885
827 942
320 880
248 735
967 566
787 308
842 905
688 92
977 230
607 52
556 798
669 89
601 899
734 609
458 420
494 478
702 131
83 817
871 958
502 933
360 926
50 262
626 425
556 572
303 173
144 618
401 93
493 751
991 112
895 916
473 835
870 722
373 986
106 337
999 954
654 243
108 109
244 937
634 241
545 512
848 703
923 143
312 621
70 180
805 175
556 115
738 130
465 622
413 710
141 343
288 757
880 895
310 374
292 197
918 113
68 968
499 315
337 436
489 241
125 169
384 355
58 262
184 949
918 224
704 316
906 552
615 46
597 559
563 755
909 931
110 594
538 959
6 889
614 226
693 721
414 466
716 854
589 544
58 88
258 614
174 933
577 844
176 35
858 515
15 618
730 887
599 888
732 663
342 259
417 184
845 152
59 751
968 829
802 78
96 616
918 671
82 599
502 628
765 434
927 583
753 394
447 809
953 905
279 430
392 200
130 836
890 596
872 183
452 753
108 761
274 39
464 697
670 409
213 82
285 933
566 606
112 851
78 868
741 303
320 280
590 289
278 385
868 481
541 261
959 522
530 22
731 955
932 810
202 167
455 283
772 239
683 572
23 439
615 569
49 600
947 67
313 222
809 102
166 421
132 358
867 312
474 799
944 971
374 280
948 607
678 320
187 295
724 6
118 797
451 634
987 860
247 947
652 481
598 666
12 25
585 809
92 495
76 932
774 685
689 891
780 22
858 850
624 400
236 590
845 632
497 714
6 970
851 219
637 758
875 801
112 723
629 850
234 202
54 113
153 288
617 779
157 376
251 517
417 235
458 937
628 141
594 493
405 890
228 819
979 605
284 637
809 399
950 430
347 135
931 431
788 44
646 70
578 648
579 97
29 64
266 306
853 879
575 245
47 556
583 558
930 380
729 429
493 4
829 618
73 487
958 86
467 665
969 895
324 802
971 217
437 717
835 438
748 909
80 349
308 350
57 986
852 915
246 486
304 857
670 516
907 882
754 397
387 214
995 219
40 242
277 747
574 371
577 61
210 574
999 962
507 724
165 934
350 354
633 774
27 909
746 559
583 144
253 621
913 940
365 671
353 63
171 855
478 593
525 104
308 290
103 124
286 420
32 707
76 968
918 57
386 326
674 62
890 309
993 233
97 284
551 747
563 555
159 220
551 718
802 777
189 905
279 727
708 443
859 817
767 920
966 540
132 767
867 974
91 472
399 259
464 505
789 253
155 807
673 934
581 725
696 513
513 93
57 457
129 852
439 691
561 873
255 847
186 670
794 977
906 183
730 979
99 288
320 563
596 428
994 719
498 958
264 90
691 597
32 470
179 361
548 934
113 221
575 463
571 835
320 465
284 180
766 884
951 780
492 55
420 980
256 669
131 283
832 444
248 691
999 512
840 919
346 540
408 803
613 634
389 608
503 582
877 309
770 529
147 594
499 915
541 638
728 155
585 566
967 324
127 187
537 955
793 545
614 699
724 463
503 868
315 542
516 307
6 737
464 180
207 96
687 170
690 122
288 746
455 918
3 273
996 862
758 789
429 119
103 96
31 199
947 454
823 835
718 391
844 838
611 597
582 214
202 514
702 923
335 994
564 984
999 315
68 239
78 270
16 834
497 611
171 750
285 378
513 159
436 762
628 86
315 719
836 123
910 998
604 207
257 330
483 398
180 374
533 438
168 970
280 260
337 821
512 127
273 589
660 47
113 782
151 676
99 719
209 219
397 945
967 966
459 247
705 755
902 823
190 101
526 963
375 59
748 567
195 689
566 448
623 273
681 388
541 30
320 398
319 720
677 462
808 627
455 16
209 474
961 395
885 108
769 345
679 257
667 345
968 38
78 952
9 663
356 570
675 882
123 273
108 459
623 612
294 880
80 556
302 351
583 58
285 659
217 325
776 350
796 769
303 883
22 217
95 509
888 637
904 738
722 628
145 258
74 184
681 464
940 587
465 621
818 43
124 806
249 613
949 676
896 592
58 263
654 415
916 271
379 705
235 421
442 9
813 6
319 461
387 741
703 555
6 777
997 842
579 207
394 103
33 685
110 429
76 581
356 380
354 867
784 215
503 255
769 386
152 729
55 741
718 95
719 642
557 291
315 600
542 137
979 561
104 917
335 134
786 711
732 271
181 63
155 924
507 893
86 884
752 880
787 339
381 584
789 673
60 791
155 525
427 288
411 679
194 45
303 509
380 256
403 459
117 979
423 820
891 244
304 255
804 773
234 845
330 652
298 174
262 525
601 783
394 669
16 195
843 966
916 634
41 320
170 356
99 86
265 648
639 592
820 478
143 683
626 349
957 195
939 568
282 973
139 844
883 979
49 607
36 803
370 917
169 454
620 33
197 496
168 188
132 60
164 571
914 555
520 974
656 254
469 861
887 891
109 171
89 810
646 616
331 805
850 207
193 772
270 824
876 639
102 418
664 951
794 262
779 717
139 71
103 398
764 364
769 204
8 778
802 140
819 790
91 511
458 982
523 42
7 213
104 866
397 825
508 28
312 367
149 388
206 847
229 214
368 518
168 727
760 732
9 130
247 792
44 928
765 229
18 464
34 481
382 362
203 852
792 215
497 119
261 124
247 391
998 709
401 361
455 186
717 163
755 464
540 764
190 61
288 37
820 683
878 398
576 648
668 344
961 450
619 746
87 540
352 967
593 767
400 695
104 476
782 67
705 118
355 301
526 68
154 604
844 671
645 346
317 249
981 163
526 503
961 831
343 889
120 565
740 559
465 907
766 555
101 648
374 660
411 410
951 284
72 388
572 87
700 28
315 230
559 159
671 653
664 757
442 621
663 505
29 790
101 618
840 278
514 75
382 413
268 452
741 602
776 850
283 866
413 943
471 217
219 864
456 110
257 67
577 922
779 450
998 202
211 914
595 874
387 849
641 857
803 345
269 952
256 52
564 650
637 108
768 927
567 257
401 666
609 523
350 711
357 261
161 122
803 695
823 552
316 706
859 252
170 139
668 414
561 586
636 10
413 309
169 569
678 739
259 691
733 265
65 224
137 211
857 380
514 935
557 406
721 413
26 765
333 975
27 300
134 512
672 167
640 9
108 337
644 181
113 173
403 737
130 610
583 960
765 957
587 389
623 579
221 671
170 885
354 32
250 113
753 878
296 121
957 124
467 240
106 592
13 4
149 580
5 799
39 880
153 897
944 916
282 39
291 783
454 297
559 510
656 183
213 574
567 899
897 691
110 61
516 451
979 107
747 7
680 204
723 110
6 626
214 871
196 406
24 735
353 661
789 521
470 588
287 910
698 803
400 546
449 967
124 711
620 700
492 803
147 392
419 495
115 60
387 845
465 93
798 169
271 811
422 653
993 583
8 593
704 670
119 461
399 151
717 440
517 356
318 477
764 885
218 81
115 876
273 850
356 231
661 450
259 542
601 897
138 897
123 69
160 201
622 105
825 201
592 76
77 652
800 904
597 437
782 281
694 549
535 995
402 157
721 505
982 480
342 899
181 527
57 529
903 908
596 610
217 219
982 389
807 604
917 405
856 446
268 276
197 857
255 388
679 614
900 337
22 379
190 561
503 730
162 866
382 793
755 867
635 76
162 981
783 693
257 914
936 20
844 901
758 199
157 814
193 541
654 386
783 730
698 626
512 561
43 761
637 639
234 50
934 749
889 886
364 990
396 756
595 196
478 840
372 203
45 155
319 460
546 384
159 151
989 324
920 373
781 422
414 99
474 278
882 443
789 93
55 763
194 921
822 424
409 530
696 570
180 331
704 873
194 187
682 445
124 56
677 830
626 150
717 45
593 103
276 981
260 306
116 660
299 476
23 359
361 843
159 888
517 854
260 449
544 732
484 807
144 682
551 59
645 50
42 25
621 435
146 107
554 124
645 67
649 128
155 475
528 863
290 842
455 388
39 581
613 544
784 632
610 806
520 2
188 496
601 89
984 79
568 270
87 974
665 396
311 506
64 61
526 395
767 477
70 7
17 137
149 636
867 395
447 891
213 517
362 321
698 679
862 370
165 738
49 393
197 17
770 107
183 962
426 821
724 364
858 848
803 241
822 703
724 726
385 56
767 478
615 76
232 523
361 425
325 270
642 192
383 536
409 803
85 946
50 535
141 684
470 154
951 255
241 604
285 289
768 773
129 221
67 121
360 397
841 578
471 395
509 820
497 788
798 112
67 6
416 286
789 851
86 913
270 440
1 816
118 18
461 403
829 210
56 83
935 239
425 354
851 996
899 82
622 264
731 330
229 762
877 190
904 974
218 764
2 417
424 83
80 757
597 48
835 871
586 291
93 273
316 48
545 718
238 223
376 394
607 425
975 507
80 930
908 114
897 711
386 324
978 490
619 484
582 232
768 596
415 211
754 307
76 857
628 350
405 73
478 881
780 139
984 534
696 861
842 476
908 898
614 168
619 258
436 736
236 850
119 635
401 776
295 236
522 304
234 462
287 600
136 863
368 980
114 168
8 517
564 570
414 853
739 564
756 766
775 324
212 924
547 701
696 865
652 104
698 307
517 797
366 413
605 45
212 621
464 357
971 374
630 553
920 664
388 86
348 58
835 263
322 206
517 63
958 451
30 950
1 904
293 416
922 560
388 372
796 25
105 768
752 325
471 817
166 257
350 34
5 653
8 191
681 216
609 96
705 194
635 257
412 560
452 613
839 891
442 575
526 323
70 79
641 516
418 663
59 171
97 92
891 52
559 366
592 360
54 866
145 582
594 879
651 508
709 78
896 485
269 605
182 198
257 61
756 239
174 426
414 501
492 909
674 591
489 453
935 738
647 46
262 72
48 452
138 682
234 403
988 808
23 661
958 976
651 952
929 318
217 636
264 338
422 285
829 401
578 607
906 198
270 353
589 125
84 344
741 130
872 578
638 538
930 307
968 994
734 981
956 834
511 580
510 873
139 837
340 754
686 876
640 324
234 855
934 410
630 565
721 367
596 653
869 703
321 121
583 641
985 402
109 250
327 71
131 488
441 576
227 115
273 255
972 271
260 147
160 263
491 471
882 540
593 599
334 899
925 560
434 109
821 591
109 941
899 141
717 686
692 988
127 89
22 223
889 426
447 838
925 850
305 873
605 318
988 426
457 54
44 530
300 932
463 488
748 298
567 998
288 776
701 892
595 489
136 940
391 140
216 512
641 657
516 567
166 888
267 19
430 957
385 492
611 704
903 134
872 960
409 838
567 53
723 363
707 942
102 932
859 891
915 473
300 383
124 347
676 738
438 277
591 123
993 610
506 535
894 674
181 61
205 135
816 884
502 587
229 769
195 369
713 716
698 376
336 72
294 327
186 596
959 115
137 8
817 670
95 334
539 872
255 918
769 723
554 347
99 378
7 695
159 453
51 511
768 277
334 795
807 908
536 28
939 284
905 156
692 124
592 184
187 892
385 86
924 31
673 281
525 833
130 532
347 774
558 716
490 598
382 600
112 44
222 33
317 211
508 918
681 16
269 929
308 953
737 793
365 696
918 310
305 917
213 516
243 622
951 314
58 711
995 558
754 566
305 998
44 389
941 145
779 762
429 445
766 382
733 111
419 251
991 971
98 550
836 776
230 43
276 455
421 826
315 299
764 49
357 188
253 123
902 803
805 644
662 375
665 17
684 475
614 28
194 587
730 553
638 918
395 288
531 912
721 858
690 499
25 995
673 927
121 842
362 548
56 903
722 512
812 454
688 252
411 615
194 877
360 29
696 727
200 422
989 762
313 137
332 163
298 991
426 168
450 50
418 468
792 217
506 375
25 686
246 680
372 787
154 811
655 174
712 464
20 503
994 550
179 270
164 730
1000 378
956 733
749 842
740 356
725 392
1000 649
428 914
359 702
261 655
882 725
888 874
239 268
322 572
52 725
515 727
134 187
191 468
464 853
709 533
181 739
364 310
166 452
409 337
102 454
412 604
434 900
75 954
370 774
975 231
540 320
525 20
799 437
231 55
567 953
235 176
770 221
213 23
330 324
631 566
917 468
714 556
288 816
663 507
41 536
228 670
646 392
231 789
664 614
628 351
45 81
637 663
131 284
73 280
306 714
275 564
873 264
96 215
326 371
851 361
284 958
802 831
875 671
901 997
113 517
475 954
264 513
64 787
104 832
267 918
751 230
479 995
122 684
635 473
882 162
42 301
161 489
915 192
693 579
632 564
190 76
229 938
450 905
269 209
198 555
859 367
767 598
494 454
282 766
100 857
179 362
768 477
881 68
265 373
88 816
749 69
535 590
97 550
506 114
775 93
181 602
511 999
528 933
387 55
305 610
148 117
696 269
291 979
130 335
916 786
852 144
283 407
197 914
130 510
370 987
94 261
350 349
758 78
184 609
45 770
145 692
426 891
500 8
671 867
136 708
987 566
658 618
680 206
67 756
874 140
24 289
427 748
559 591
343 304
917 1
813 512
498 394
336 305
365 751
828 137
676 719
1000 163
612 717
822 139
879 49
59 564
958 928
869 75
752 772
51 708
694 878
592 800
384 741
316 736
208 25
906 342
104 90
720 132
459 232
812 684
464 322
670 278
180 6
56 12
221 942
169 787
441 726
62 38
781 524
626 421
225 872
282 581
463 9
644 171
611 472
80 400
373 821
246 45
339 765
602 317
434 155
697 743
383 204
700 642
405 655
832 266
80 559
925 527
88 42
39 4
679 608
131 22
478 355
282 150
264 437
912 257
676 506
986 702
326 183
753 665
580 862
64 458
691 159
16 485
589 920
880 228
757 98
794 206
715 662
554 824
76 956
224 247
282 475
505 658
54 847
606 808
644 525
921 128
478 703
64 671
909 991
632 578
384 278
409 837
34 362
699 100
738 706
388 693
984 894
959 845
663 630
977 395
444 968
76 814
640 49
825 815
846 151
318 364
17 775
289 122
233 342
823 765
368 541
517 159
7 912
377 801
29 120
584 273
786 597
53 114
402 842
590 267
897 773
492 453
463 708
691 609
229 994
215 691
940 257
224 127
421 208
459 101
740 498
742 672
284 22
557 745
826 647
97 765
67 197
613 733
83 958
91 751
168 428
166 255
758 357
193 179
819 227
588 796
365 405
387 15
26 469
208 630
838 348
918 843
278 231
795 11
709 705
469 632
224 437
611 803
157 927
788 807
914 550
697 846
737 905
149 747
499 362
460 988
139 269
638 475
213 756
845 739
165 625
442 214
724 224
909 882
876 491
951 475
421 936
82 96
31 41
830 231
571 236
304 402
900 794
7 48
64 618
49 250
712 902
107 588
609 258
525 516
506 854
343 105
860 181
733 929
536 355
210 478
17 850
234 488
699 878
545 324
363 865
422 346
439 728
172 949
553 834
596 992
65 872
800 128
86 6
712 465
346 883
899 763
294 243
333 599
420 451
713 969
189 795
950 921
242 482
80 457
78 836
903 982
744 655
748 175
737 602
511 83
761 332
700 326
136 264
749 275
587 248
9 542
973 971
683 528
706 710
283 315
196 520
69 262
54 634
326 255
240 892
277 457
6 761
23 181
801 811
822 639
269 853
19 850
960 244
743 219
746 717
714 431
533 617
701 675
975 4
671 799
470 890
609 76
332 685
261 743
558 391
792 851
881 513
819 601
984 22
310 92
833 993
443 381
637 263
374 855
812 133
765 163
505 789
137 794
399 271
537 170
253 352
492 728
402 752
935 478
574 618
688 153
918 759
854 746
431 527
531 693
452 119
399 45
475 859
972 786
138 793
964 397
640 459
489 555
682 858
812 713
461 437
682 977
39 344
523 280
179 365
950 970
368 402
953 954
482 390
81 700
321 12
964 818
329 521
645 153
245 389
706 409
118 881
903 826
602 713
251 429
109 967
607 88
790 488
190 536
156 45
365 845
486 691
69 361
435 339
239 857
349 233
151 407
83 453
10 827
538 275
633 919
207 108
466 470
893 605
529 188
534 207
288 763
900 557
995 617
211 470
714 451
41 635
25 414
63 754
699 490
651 335
619 339
451 229
988 4
944 418
165 630
147 397
665 456
926 534
223 559
868 848
171 384
635 679
335 701
410 868
555 294
719 603
243 274
963 13
985 581
554 503
99 755
449 256
397 544
735 422
57 203
664 477
39 495
333 654
119 157
835 340
484 782
770 31
735 311
773 22
804 892
697 597
169 163
265 256
43 263
29 471
696 204
435 96
218 400
570 749
735 213
847 943
703 395
887 446
981 53
485 902
331 108
916 832
296 201
689 662
687 903
508 908
142 264
861 944
412 398
535 307
226 137
190 564
247 573
875 252
503 727
967 188
774 920
520 839
235 234
589 919
571 628
473 657
115 560
685 388
153 787
451 530
396 401
783 807
310 331
779 720
796 594
600 339
802 531
235 264
219 911
770 53
296 660
560 961
62 959
486 155
788 721
145 945
225 387
154 897
633 589
139 95
124 631
91 358
243 35
195 196
839 390
54 25
523 29
249 340
116 834
105 215
893 22
566 100
750 641
940 169
778 92
222 412
509 670
664 27
223 400
24 387
82 592
708 812
232 125
693 144
181 940
113 814
233 597
644 475
367 518
764 122
583 726
18 138
437 190
312 915
901 69
668 368
544 334
377 755
269 283
669 702
181 767
868 287
53 686
736 917
784 721
58 888
539 370
902 704
268 608
100 624
908 517
503 405
434 188
717 767
562 640
647 122
527 834
35 512
482 771
598 445
362 317
507 700
454 485
511 156
357 742
73 183
828 33
331 763
760 471
391 349
7 822
476 75
986 744
745 534
767 193
925 965
348 13
267 909
758 960
154 882
357 809
157 369
287 946
14 798
745 22
20 863
983 858
196 120
695 70
715 780
632 94
580 134
512 366
766 169
150 712
872 732
626 983
152 412
380 66
266 761
127 103
572 647
12 783
621 561
627 368
185 453
6 309
959 145
817 696
947 633
217 852
380 288
971 335
511 542
536 800
170 34
722 759
169 874
226 781
423 933
411 933
692 82
986 819
74 681
809 794
114 726
53 96
320 377
598 140
359 696
411 910
412 524
389 631
304 813
302 296
530 119
235 775
972 416
424 86
943 33
984 46
514 515
142 448
697 911
184 566
403 788
758 96
50 978
834 887
943 150
893 973
81 703
615 830
176 725
537 764
75 525
719 236
810 712
465 681
743 218
747 31
682 343
70 256
115 921
372 104
465 314
280 676
858 819
457 814
353 653
48 253
232 618
987 728
915 665
793 860
670 319
794 358
691 271
745 300
515 161
590 900
521 643
202 364
427 928
524 274
708 55
610 353
620 747
894 286
826 38
883 43
191 295
745 78
928 762
780 635
625 750
713 424
458 857
430 851
233 635
561 876
824 426
398 381
418 391
437 409
95 669
43 126
501 726
962 328
726 273
817 587
978 125
976 52
885 908
246 650
161 299
473 478
863 297
780 32
781 742
910 506
103 251
570 615
222 306
133 291
463 556
156 68
869 672
431 66
242 512
53 508
977 696
725 426
49 953
933 157
529 256
216 5
365 604
313 833
188 443
335 260
213 984
306 10
92 543
285 906
857 685
586 469
269 999
71 415
535 12
495 563
813 746
460 918
923 342
887 537
620 244
468 377
533 539
111 515
225 132
549 744
583 401
847 44
850 256
559 728
173 109
840 310
470 721
969 150
408 130
176 942
34 324
785 516
789 212
798 773
812 219
480 276
492 799
366 768
261 508
483 548
525 587
86 643
707 213
142 512
539 956
774 69
274 300
885 846
505 954
873 142
341 928
803 599
329 1000
91 217
472 38
342 74
694 799
329 889
75 333
829 572
173 952
784 422
587 758
532 349
972 36
901 96
769 918
972 187
166 70
26 733
687 672
601 167
437 945
442 781
274 420
598 180
467 434
408 784
838 743
433 893
916 136
277 701
151 212
65 403
528 533
875 366
970 182
113 431
22 867
156 63
390 775
616 514
853 347
128 84
605 394
831 287
37 174
938 571
577 361
799 510
856 160
784 845
303 751
572 164
311 176
374 500
904 630
619 131
767 27
870 784
887 914
15 860
358 68
629 359
867 623
755 752
292 850
258 350
794 444
79 170
337 319
447 694
837 506
50 924
965 666
721 593
851 178
50 623
715 867
775 965
449 935
803 388
881 996
202 773
21 463
343 817
413 181
640 231
287 652
38 514
759 588
405 977
17 773
552 930
17 918
694 840
601 670
185 424
445 998
483 143
639 1000
623 195
865 955
536 197
596 829
852 679
355 745
262 855
846 593
796 446
781 558
513 580
330 792
352 816
350 223
333 915
905 274
445 57
269 363
327 181
610 947
972 302
829 403
635 492
265 540
18 828
992 767
972 445
597 24
148 866
991 368
981 298
486 888
586 410
71 470
37 322
168 15
481 185
406 25
671 519
982 972
732 535
126 290
715 707
663 99
405 351
602 851
75 753
991 935
408 476
961 752
500 40
620 851
604 328
914 710
442 71
666 214
81 798
653 508
590 937
665 22
110 264
873 411
380 893
767 627
556 152
828 981
354 768
662 66
979 611
394 151
599 981
507 354
548 500
772 960
976 811
189 690
320 783
670 35
546 245
595 424
752 770
858 844
147 162
249 113
842 971
275 70
688 477
427 259
377 940
527 380
964 570
697 97
476 928
997 446
584 749
222 373
587 702
161 293
961 702
420 559
757 706
39 263
631 169
464 667
283 241
284 174
69 704
674 994
947 725
539 416
675 504
208 656
688 650
360 619
866 482
466 268
535 660
648 104
577 134
763 191
640 988
368 165
275 998
369 636
832 372
320 450
306 103
995 657
800 385
840 686
503 670
92 683
33 629
97 219
151 482
999 222
947 323
2 78
849 689
830 652
504 50
306 472
770 75
482 761
594 790
315 475
159 80
380 675
81 769
842 472
861 300
718 335
81 890
462 393
706 920
600 554
803 463
881 979
698 251
862 942
337 33
500 747
48 476
271 483
591 485
24 21
816 977
525 951
894 389
879 30
368 968
49 936
461 337
725 900
284 718
379 200
234 605
534 579
518 83
685 706
139 776
393 66
939 808
432 552
74 921
823 596
864 555
369 67
385 742
761 833
925 484
430 320
803 920
865 995
973 472
995 352
833 333
985 442
363 506
204 234
423 584
776 201
530 182
677 421
863 768
937 328
355 530
754 500
728 323
545 787
572 595
506 113
568 492
737 523
500 212
647 3
857 914
682 303
4 311
408 856
227 646
545 637
361 920
892 684
343 792
144 178
363 70
53 782
679 718
630 24
157 980
196 622
72 596
605 470
308 892
258 89
775 540
960 163
889 3
525 53
486 915
892 882
41 1000
412 833
586 180
605 248
251 671
455 797
219 750
634 664
174 319
683 311
714 336
36 292
129 462
239 287
59 374
746 961
174 430
572 261
303 885
798 259
819 804
717 337
167 880
149 229
815 964
581 802
711 887
627 156
280 155
836 496
531 610
659 409
38 630
725 920
928 630
345 292
164 936
181 86
642 712
630 879
746 395
280 441
708 857
584 327
345 341
440 63
42 415
712 491
159 784
199 231
942 136
184 171
40 515
437 527
919 415
246 433
48 866
602 393
145 184
672 336
737 618
886 833
75 587
431 214
948 300
472 29
880 426
753 956
771 301
852 832
734 420
131 27
299 849
122 468
913 808
520 841
995 681
154 459
247 684
278 961
438 899
944 516
373 374
653 100
893 639
417 644
1 453
790 71
630 886
633 34
875 941
359 852
958 226
241 841
166 892
44 300
559 767
301 155
416 224
132 927
874 271
374 866
860 61
970 557
81 834
765 248
638 126
585 370
197 636
915 577
367 76
670 283
591 885
906 900
108 812
626 945
384 934
741 448
210 392
584 389
362 607
845 98
281 723
502 591
263 551
414 913
471 704
592 783
848 409
426 341
650 227
764 5
555 73
661 481
419 970
739 961
665 998
282 642
623 324
69 858
986 170
878 500
172 261
816 549
490 881
551 391
420 923
661 707
243 812
687 839
579 966
878 726
365 257
826 885
20 660
321 891
497 737
606 316
878 577
694 572
504 970
909 427
933 37
202 49
738 95
494 825
600 100
861 771
130 421
59 265
45 822
528 272
14 595
823 459
970 909
234 79
844 390
831 972
466 412
908 75
444 967
484 390
221 134
24 638
461 663
153 158
67 544
454 879
234 19
931 907
797 974
29 612
45 253
418 957
422 925
900 773
742 74
926 285
824 707
336 365
584 987
154 530
671 235
177 659
196 137
159 263
452 129
524 511
676 514
426 693
864 802
313 28
756 368
998 413
342 401
826 354
646 57
225 873
82 562
543 707
285 207
802 475
674 293
308 144
94 609
534 898
320 558
322 116
489 989
489 52
898 985
497 506
777 24
445 890
906 508
393 263
329 641
200 791
38 235
498 996
943 348
770 738
497 292
285 563
913 234
161 525
527 783
652 593
528 975
359 267
956 831
369 627
695 211
176 189
549 952
142 454
240 992
97 873
667 37
266 758
892 760
126 460
145 307
112 298
610 41
645 614
775 571
266 601
969 414
573 260
775 584
672 571
712 632
965 106
720 931
876 169
455 824
743 37
323 678
340 520
215 396
775 878
708 275
582 380
295 961
784 114
699 48
827 103
495 221
958 735
928 798
394 86
214 575
395 499
15 570
988 718
272 518
79 387
979 657
909 710
570 446
399 264
383 793
665 354
403 810
251 663
125 178
966 776
608 340
539 978
595 590
285 34
859 69
200 454
866 981
958 795
299 394
997 255
764 222
13 664
573 440
91 876
309 221
332 82
260 503
12 852
116 713
725 741
1000 444
396 97
696 981
949 493
898 957
497 486
265 488
895 666
90 351
422 182
671 113
730 367
113 167
39 699
868 465
364 112
936 369
645 279
244 558
834 368
363 168
456 534
658 898
187 646
294 734
117 457
541 631
908 862
947 128
877 447
926 782
766 585
876 249
549 45
404 574
255 204
554 629
974 538
904 436
88 287
676 160
288 737
128 630
311 223
666 506
390 714
778 341
804 76
988 225
185 756
686 104
49 441
447 668
477 405
633 359
63 588
245 617
304 117
603 587
470 582
162 399
492 906
805 759
20 785
99 824
940 930
813 172
584 140
458 921
681 970
641 116
642 935
937 973
55 670
441 30
636 59
315 565
431 959
307 709
289 82
487 851
950 361
384 842
738 911
155 905
817 484
581 579
694 866
887 842
773 369
85 425
644 482
293 668
389 137
651 746
156 132
213 469
584 727
103 993
731 280
366 301
122 775
192 592
63 375
344 267
859 508
912 851
819 513
265 661
397 400
36 592
454 835
626 304
347 817
278 509
597 145
156 985
213 152
150 264
606 321
539 280
188 490
63 569
445 501
576 88
526 6
17 22
18 873
866 101
924 325
909 23
343 831
144 159
52 568
519 856
187 275
540 277
664 246
936 968
164 33
93 197
828 24
421 606
426 968
886 258
796 574
602 893
1 452
228 707
64 356
572 785
361 294
141 416
35 165
219 896
37 543
404 131
482 702
746 915
48 786
513 466
732 194
658 733
182 167
989 301
647 987
926 294
290 220
897 44
404 84
716 847
427 861
603 708
680 461
281 432
581 773
586 621
399 320
864 775
424 884
519 428
873 223
160 926
270 471
876 982
958 354
246 982
621 762
416 359
418 461
116 658
725 556
777 760
582 915
19 51
129 695
848 41
80 195
617 508
293 257
518 314
264 25
342 822
862 222
359 270
155 465
360 625
680 528
695 999
38 430
999 900
134 861
447 475
583 902
532 704
754 496
369 598
279 33
541 398
139 722
231 296
822 885
363 112
112 176
735 1000
331 414
408 657
201 863
729 263
195 89
109 541
883 919
994 165
562 481
71 609
22 111
940 550
10 687
448 944
927 312
767 57
698 528
510 82
115 958
560 529
834 583
905 910
984 657
386 493
673 835
188 929
236 490
784 216
732 166
275 543
239 342
478 814
872 545
689 93
564 927
249 550
893 981
250 841
970 590
367 498
244 367
491 2
910 822
493 440
883 80
413 151
622 495
487 778
272 825
404 334
140 924
411 634
414 151
140 224
150 809
627 747
1000 50
618 641
251 1000
307 938
473 342
55 996
77 876
315 859
542 398
538 961
949 392
80 816
556 734
905 82
691 577
967 788
169 554
415 501
365 194
773 107
579 788
907 797
506 488
776 488
596 561
782 74
515 589
166 287
460 568
388 301
5 311
122 43
675 819
566 860
348 569
165 989
369 626
444 4
834 412
162 821
895 805
719 179
951 740
760 567
704 47
667 213
887 566
320 708
377 185
984 335
692 512
554 545
866 783
804 41
310 666
598 809
68 364
396 387
21 178
222 749
520 946
228 618
870 169
284 772
418 990
694 130
42 978
595 130
888 120
634 612
789 46
215 756
6 200
903 90
316 624
492 837
475 945
815 915
906 93
335 677
817 366
432 972
531 584
90 792
578 629
996 821
416 304
199 479
94 691
241 301
428 559
318 231
829 533
321 129
134 473
122 907
599 143
473 35
169 826
360 953
351 454
100 838
527 451
640 749
513 529
810 53
886 968
469 248
36 573
623 475
776 688
916 569
518 669
43 575
528 925
856 314
340 139
409 937
576 781
876 548
74 347
257 681
5 759
874 674
252 990
838 548
188 585
614 800
923 13
122 446
50 435
543 783
364 279
365 746
443 864
960 54
944 907
620 96
732 554
131 991
939 948
64 490
577 339
871 433
117 155
305 33
586 178
509 193
442 138
743 72
581 125
620 917
414 364
343 350
236 217
755 646
636 800
167 524
518 362
745 380
522 476
345 878
966 568
755 823
202 925
884 81
722 84
963 322
376 872
529 764
270 734
698 157
441 172
81 245
190 465
102 781
529 653
270 585
897 225
65 665
262 989
471 329
474 95
205 448
498 105
211 684
345 298
403 70
61 574
530 615
547 607
350 964
811 82
959 170
137 103
156 133
303 342
311 811
534 826
792 389
997 500
599 256
801 329
288 100
930 559
569 213
493 853
593 687
759 94
619 683
553 338
342 922
364 966
443 561
649 254
433 635
131 140
499 966
984 122
754 604
169 466
299 851
482 172
768 984
273 316
365 718
810 621
854 582
667 236
939 771
709 377
411 426
625 602
199 587
813 715
157 807
717 689
476 99
684 568
421 558
814 79
192 426
54 832
371 252
525 313
148 380
244 485
281 149
825 871
67 356
675 101
253 81
950 185
418 6
201 494
241 681
276 408
569 680
243 39
215 149
788 307
55 332
101 30
711 853
876 832
833 719
389 441
997 84
67 19
178 176
437 429
215 872
989 304
4 663
6 333
246 582
195 260
345 183
207 857
228 324
636 73
428 646
160 236
752 598
437 752
494 387
61 804
315 356
468 794
711 302
463 37
307 156
913 885
847 798
167 440
449 321
709 793
930 674
553 293
593 548
354 112
819 230
252 114
397 4
127 261
753 862
942 736
904 486
247 620
340 50
588 872
939 734
552 846
411 281
936 104
75 916
629 485
421 625
957 302
652 284
66 753
106 802
933 261
442 352
904 533
979 187
652 243
672 529
638 476
166 783
577 660
942 156
840 482
13 721
555 777
276 350
993 196
284 801
780 158
693 651
286 339
876 631
717 887
715 947
720 743
496 875
876 180
334 127
851 339
653 505
716 883
426 481
962 559
524 362
301 927
140 611
946 155
81 61
483 609
190 39
396 836
20 40
152 480
209 145
124 484
604 830
695 401
114 14
149 509
885 771
1000 51
798 906
843 559
347 444
662 10
275 184
320 607
322 229
996 704
635 175
672 147
873 758
341 40
363 416
844 433
294 982
977 592
852 932
692 205
839 110
145 134
759 387
458 199
840 300
34 178
669 951
485 986
678 187
790 449
369 625
478 173
546 588
982 525
306 98
144 841
643 161
486 881
325 151
841 920
249 497
679 692
22 153
117 21
409 196
463 57
589 618
670 969
461 988
255 187
496 602
780 92
747 19
602 818
469 889
460 292
476 43
689 158
361 509
571 158
877 977
353 641
853 852
943 313
521 822
539 394
81 895
758 595
608 8
880 749
556 232
261 388
558 362
183 307
267 831
675 138
522 315
906 90
724 709
603 444
822 222
695 324
310 994
993 684
525 773
415 607
879 136
627 419
350 606
846 835
26 944
468 525
198 658
915 198
60 727
958 232
967 874
260 384
375 479
178 569
222 310
227 92
619 718
194 271
14 34
863 459
442 885
616 346
189 8
286 930
251 307
568 495
622 14
2 493
916 937
403 598
170 695
778 950
536 658
606 250
148 950
449 606
499 922
795 89
210 539
887 759
305 757
32 939
344 877
221 441
828 135
922 844
61 272
395 964
362 369
538 284
405 291
667 176
733 399
352 406
871 1
837 113
451 458
724 718
420 375
663 277
810 827
227 839
33 958
452 32
163 47
205 344
741 614
319 464
174 429
323 789
789 208
148 200
132 821
800 337
423 29
2 661
445 651
30 63
430 757
287 660
613 158
998 456
251 693
306 910
536 463
632 376
183 610
727 123
450 197
67 840
591 581
575 167
261 43
526 601
375 157
129 681
423 779
247 71
551 15
955 850
264 127
303 198
948 9
750 149
807 886
407 356
236 250
492 12
937 169
297 10
406 676
338 678
156 987
549 796
473 841
847 603
943 116
718 812
809 112
120 641
709 727
395 915
35 504
252 850
454 498
130 476
611 781
500 340
321 559
63 397
879 840
951 303
59 351
649 697
288 783
220 202
987 594
727 757
106 225
201 179
383 671
645 862
521 330
376 167
455 215
936 969
849 408
991 877
867 851
372 211
582 442
609 504
414 107
966 948
220 270
722 200
996 447
749 394
63 832
580 62
971 747
147 285
773 433
665 344
18 180
64 849
375 835
858 299
773 450
376 722
124 48
345 261
368 610
185 428
315 116
755 511
848 43
82 153
227 182
817 736
35 971
938 52
756 979
86 222
626 451
882 857
276 674
681 704
854 211
947 943
223 531
678 13
593 539
943 411
751 683
58 893
130 670
408 868
705 18
714 832
382 978
878 567
67 673
504 828
122 503
316 928
774 889
408 514
87 532
202 286
439 479
810 721
315 213
740 786
245 412
562 110
283 627
479 499
900 994
996 799
662 164
519 369
31 891
747 340
486 184
803 70
822 294
54 988
115 222
659 647
182 48
148 128
665 26
629 969
741 271
957 834
154 529
284 960
803 420
456 210
493 438
756 460
906 935
713 320
217 524
208 185
831 355
413 6
327 704
882 185
267 215
901 369
526 614
284 277
267 577
924 435
613 904
764 36
809 611
755 475
649 458
445 887
262 599
912 884
810 95
192 666
13 932
394 678
1 932
22 594
844 378
303 111
855 530
17 434
296 247
761 485
227 257
122 41
984 132
588 829
967 453
292 323
130 354
882 607
921 661
888 992
743 610
28 325
982 514
514 540
92 560
917 961
610 181
774 970
792 954
525 188
379 39
670 959
680 955
793 764
297 397
335 77
301 429
602 896
10 101
697 876
846 184
679 772
667 836
630 229
46 387
966 304
469 888
206 325
102 170
568 878
845 530
811 774
225 349
768 731
316 18
637 257
394 85
849 369
975 721
742 196
600 733
987 239
882 507
684 69
298 664
150 745
185 10
613 763
686 638
730 822
739 572
385 585
668 608
412 166
551 149
759 342
270 175
808 754
881 492
305 893
368 556
722 724
282 761
528 836
583 409
164 741
733 277
80 112
66 195
977 691
636 848
587 444
771 309
187 554
829 471
170 692
282 778
69 450
247 662
554 862
4 307
107 160
108 255
400 192
131 944
136 602
842 36
58 535
650 883
478 424
886 293
796 981
299 456
583 511
969 447
39 464
220 231
827 841
174 208
233 372
841 117
348 67
534 951
701 263
907 556
54 900
310 50
703 569
870 474
487 622
932 103
54 166
992 291
498 20
459 662
393 896
335 133
610 265
731 263
94 770
55 520
204 326
298 783
318 458
156 481
787 321
453 989
865 777
494 139
338 427
929 16
455 228
465 850
954 581
415 253
42 411
463 745
100 149
431 271
512 151
511 733
384 538
282 733
527 33
513 627
436 294
313 453
95 35
646 433
761 579
834 177
448 380
831 677
605 882
87 735
424 501
613 563
156 980
383 245
921 732
266 879
120 531
246 87
395 517
843 131
634 4
890 106
821 760
400 44
634 119
255 761
818 461
982 933
960 594
127 982
218 990
86 247
732 959
366 741
75 712
462 184
562 218
67 584
158 657
854 178
111 659
166 880
595 94
145 466
752 605
31 50
331 896
154 907
391 938
843 943
326 645
388 397
8 792
760 125
758 664
964 483
671 243
12 428
396 979
701 325
932 749
132 697
745 120
798 242
910 968
150 419
492 655
823 837
882 259
739 662
719 660
100 452
281 550
823 762
44 933
251 961
12 865
552 822
717 36
79 422
760 569
965 486
324 930
901 547
764 112
782 339
655 195
250 74
237 16
425 158
815 393
433 699
345 87
471 915
217 259
4 70
332 379
550 79
397 433
606 401
271 488
75 219
493 712
958 274
869 957
619 550
584 803
607 9
705 17
818 784
966 152
678 236
810 444
499 597
799 584
391 74
16 425
804 338
571 569
203 256
496 673
118 872
348 997
535 51
991 541
795 302
395 156
567 181
306 305
366 641
183 981
684 542
79 228
262 460
728 746
987 631
406 397
580 494
449 868
547 255
417 390
736 164
883 311
295 413
685 21
562 324
181 470
361 630
112 861
742 217
699 897
603 293
586 573
56 544
46 137
275 766
771 645
132 669
85 667
795 504
539 970
258 867
65 583
122 656
854 705
837 541
52 379
629 261
698 437
725 604
793 431
121 985
786 944
643 969
936 109
833 459
855 862
180 86
636 345
954 637
82 848
621 509
722 472
437 485
9 131
66 252
748 896
804 391
311 642
826 674
496 1
367 868
815 274
368 75
978 780
943 446
738 51
362 181
202 206
420 153
577 10
813 719
454 424
165 939
408 752
827 959
611 836
690 77
80 24
162 530
754 85
952 688
679 775
59 134
173 242
600 354
283 606
378 592
683 34
737 31
387 556
49 389
489 182
644 469
386 460
337 378
64 734
393 568
582 368
340 635
794 352
813 68
29 403
963 363
603 656
931 137
551 592
132 738
150 639
402 965
427 934
194 935
409 42
852 506
128 89
718 114
668 835
547 838
362 512
149 430
462 155
838 501
601 657
638 660
312 132
690 390
7 977
527 302
553 935
478 731
256 475
220 900
631 362
268 806
812 480
773 24
39 337
777 56
961 267
134 623
872 250
144 747
161 707
294 97
479 431
616 255
544 396
29 817
44 995
961 85
182 80
36 655
316 143
83 748
635 427
999 906
140 349
827 765
847 758
210 537
823 56
892 681
822 816
420 12
60 123
83 458
746 630
728 21
377 233
675 526
571 609
672 191
379 976
567 917
2 47
496 632
760 277
282 596
62 827
692 662
896 591
163 64
736 270
55 214
19 996
222 573
206 166
793 106
634 532
33 557
184 419
665 32
353 540
360 272
417 319
219 247
627 242
185 843
2 659
884 195
885 566
29 842
516 920
519 107
7 791
507 289
90 251
401 636
399 153
792 123
43 195
775 274
564 487
243 392
122 6
902 285
503 74
547 576
768 147
310 750
347 836
865 770
52 749
99 470
686 996
40 520
368 437
403 662
77 531
189 185
726 896
506 47
491 305
347 821
187 984
333 890
965 871
47 188
292 309
389 585
691 457
286 815
141 24
465 952
456 536
28 398
287 387
770 891
574 385
122 320
933 366
554 597
296 893
650 788
339 193
770 157
510 58
538 225
233 343
987 618
58 266
280 768
561 401
46 299
845 985
168 597
685 48
64 518
836 172
158 944
475 220
258 634
259 161
75 747
548 335
115 482
815 999
646 95
546 376
289 897
589 310
661 153
441 62
684 14
464 105
102 703
216 762
603 486
785 917
57 14
812 362
981 557
85 472
836 352
432 436
109 290
627 413
510 803
41 790
133 50
30 330
177 822
604 635
808 828
556 758
868 32
248 937
63 262
526 938
985 324
119 323
702 171
389 890
636 187
324 833
806 197
75 77
733 293
230 811
47 227
801 475
308 765
981 719
991 88
834 261
819 235
566 884
165 37
596 511
709 568
412 706
307 300
439 498
629 369
776 357
745 876
192 124
892 721
754 718
370 795
151 468
466 262
265 881
503 801
325 65
1 395
112 402
98 733
763 725
126 183
578 269
681 330
754 944
405 735
357 961
12 156
506 423
385 54
978 399
85 983
488 927
430 998
641 357
534 488
784 46
6 849
137 518
983 262
695 95
516 818
817 245
232 275
608 222
741 414
445 689
358 678
159 403
15 127
585 549
309 462
530 648
437 649
712 330
533 356
646 205
960 836
186 907
318 18
981 690
801 20
893 390
91 948
437 672
510 942
665 965
852 705
890 636
269 423
786 851
470 296
844 93
260 62
958 45
247 190
12 169
682 19
192 779
428 907
770 622
670 386
833 54
209 892
254 108
710 476
650 538
198 128
757 927
526 450
974 165
480 441
509 471
201 926
588 542
183 794
760 395
558 834
602 910
785 358
236 640
194 747
809 360
645 754
62 796
273 947
763 998
605 238
453 129
127 894
865 65
757 467
760 361
483 962
743 32
146 853
380 586
931 938
186 255
281 161
856 783
211 288
180 977
896 386
663 242
684 289
197 936
48 67
177 289
305 372
966 611
223 884
474 293
92 148
955 286
636 840
655 721
968 131
197 575
708 77
96 445
703 842
831 129
158 309
659 496
632 753
298 460
762 873
91 867
589 32
388 201
833 327
726 10
144 748
557 804
687 661
299 572
139 931
922 700
431 75
469 132
843 955
44 988
812 886
999 564
990 969
911 665
946 262
856 429
782 981
14 323
400 179
240 946
57 732
524 564
985 212
876 246
970 127
995 512
887 534
176 744
28 585
692 736
609 134
681 369
651 409
46 928
983 580
605 242
625 668
377 818
934 764
172 275
641 874
395 52
897 938
20 687
42 690
738 580
137 973
290 181
58 73
153 379
944 90
971 883
272 615
347 61
355 534
279 892
530 814
777 410
438 263
8 604
392 507
779 249
871 599
548 522
896 59
663 843
206 658
564 480
671 460
33 104
218 36
200 487
424 955
87 266
159 649
990 617
557 614
706 160
838 941
910 302
454 922
660 785
585 952
402 1
510 998
846 636
403 24
479 125
373 538
998 779
144 712
146 122
293 505
761 577
770 679
575 356
743 710
834 318
374 111
340 171
877 645
427 216
304 748
580 741
891 657
349 66
187 278
853 725
356 915
675 557
164 46
300 926
990 481
83 199
874 326
488 533
842 312
736 299
864 464
370 553
794 391
232 538
249 668
68 160
34 496
783 973
681 527
296 796
79 288
686 248
230 148
231 677
970 599
555 719
920 320
577 863
105 78
72 385
555 604
37 973
276 11
333 102
25 781
745 126
963 179
215 6
399 335
851 454
573 892
189 679
88 414
161 78
403 256
815 708
561 941
379 246
345 266
474 174
5 230
725 567
561 574
29 224
924 166
30 331
973 265
406 906
189 506
816 588
566 440
488 622
735 275
496 136
99 501
545 243
246 261
640 681
289 445
643 538
421 168
919 441
556 533
178 847
415 910
252 572
861 714
892 271
401 52
310 443
259 402
27 374
863 435
28 205
13 159
734 507
737 565
990 897
187 596
207 409
212 1
912 471
197 339
342 644
878 570
278 252
693 160
304 615
692 954
970 36
532 803
554 935
761 153
120 783
482 906
654 506
508 654
35 358
348 999
25 316
373 654
176 688
876 333
986 778
183 983
330 441
962 918
45 978
690 393
533 849
250 624
490 163
275 949
276 346
24 755
906 753
508 451
163 170
414 59
287 843
642 838
572 651
387 865
64 914
113 535
662 508
498 459
371 875
707 773
798 236
677 997
42 684
738 961
891 465
994 986
25 523
547 650
694 815
310 548
759 335
924 800
561 602
37 819
470 446
436 250
293 351
318 226
817 769
199 919
585 642
775 5
19 195
69 497
540 871
389 861
943 346
925 315
123 503
146 66
151 823
189 224
393 491
964 854
624 783
765 185
1 810
916 913
322 517
494 765
212 438
620 347
2 436
754 529
928 697
316 84
779 852
815 114
585 517
382 973
787 533
607 252
4 489
633 785
944 996
391 411
321 635
682 293
473 672
681 395
740 930
689 944
447 896
874 508
781 96
813 973
378 751
973 359
222 948
405 380
577 731
166 351
733 472
182 326
709 524
27 599
874 158
214 855
713 20
326 545
555 873
132 974
24 719
957 897
281 160
266 820
68 248
681 583
594 160
741 735
818 78
634 609
201 829
897 111
475 7
883 825
615 331
603 259
719 423
181 345
509 892
441 4
650 496
195 21
418 300
475 805
263 468
637 209
712 280
842 903
928 464
811 370
323 262
329 837
934 282
639 937
579 345
117 927
47 656
337 631
726 11
963 711
657 528
86 170
803 878
308 400
26 705
43 677
27 169
890 371
704 51
451 997
344 83
960 365
136 383
448 49
925 545
395 538
216 13
839 223
115 567
917 881
40 219
157 843
721 176
409 394
562 320
619 881
601 414
680 779
975 847
620 93
912 174
288 648
879 816
588 515
948 646
168 206
500 227
417 753
55 163
844 996
224 229
41 977
426 865
723 141
337 442
908 9
452 925
149 923
757 438
582 195
72 136
749 818
897 937
295 470
123 779
214 738
38 526
111 862
940 920
427 887
500 679
926 351
894 467
399 453
147 404
989 485
885 564
281 478
869 345
125 255
570 92
642 929
682 626
257 325
756 263
295 133
405 965
483 445
500 581
360 48
333 419
877 678
345 301
473 352
989 824
995 423
78 457
480 872
137 25
506 728
458 583
510 916
392 169
1000 414
237 41
754 149
65 216
399 757
781 514
394 746
269 494
588 12
950 943
644 270
147 814
76 806
86 171
482 419
265 671
855 614
496 75
557 920
249 261
565 445
839 50
515 648
965 568
260 789
528 525
411 131
364 225
202 4
772 136
387 426
980 456
10 851
924 323
249 103
446 907
982 585
468 818
463 567
192 129
466 288
799 486
602 980
349 117
206 486
864 531
149 846
408 456
997 522
814 80
159 101
839 519
813 488
617 767
214 671
785 591
774 477
615 173
376 794
510 580
586 949
698 203
201 401
672 14
793 245
298 573
171 313
968 77
972 557
927 791
664 245
350 760
846 157
831 331
287 517
864 908
665 717
405 586
449 330
232 102
158 370
312 190
425 481
354 457
786 790
318 116
713 842
476 980
263 706
125 711
915 115
147 989
817 238
939 265
999 665
212 701
696 2
125 696
831 467
492 221
702 56
722 810
62 347
725 505
818 557
808 491
807 743
259 405
353 466
317 119
84 358
545 988
50 274
213 838
54 247
967 477
606 295
704 579
23 453
151 240
559 247
446 980
175 254
292 680
927 181
198 53
554 789
102 465
325 190
607 296
865 345
98 360
407 840
628 197
197 116
70 130
128 645
606 976
495 627
81 731
83 117
374 564
398 901
434 761
533 603
1 314
130 222
561 290
706 781
746 878
50 809
144 302
608 771
771 859
842 428
611 745
426 603
555 463
393 658
563 586
547 113
423 314
975 761
328 776
573 814
461 212
669 431
615 439
502 95
417 86
825 849
275 368
774 106
355 702
720 280
172 943
485 368
632 547
794 894
692 261
512 163
380 313
218 140
494 305
207 824
458 494
209 592
303 250
325 606
342 852
588 84
868 931
812 908
635 19
856 292
507 900
994 398
813 842
705 65
744 761
231 501
342 566
805 422
18 635
735 933
41 73
437 477
596 285
897 936
197 310
718 872
663 185
283 309
321 634
452 644
328 394
454 318
231 507
831 920
657 381
46 20
696 891
370 663
865 214
794 218
724 159
407 733
413 640
488 753
126 209
307 265
427 620
799 220
837 41
898 191
392 788
323 828
125 504
163 135
607 704
650 671
686 305
541 771
861 341
325 461
298 757
116 796
730 528
505 803
430 834
918 631
929 302
743 12
404 956
111 136
998 363
519 145
225 797
191 32
764 119
125 828
436 953
882 217
275 509
913 481
507 100
311 940
626 37
424 767
901 115
5 78
195 592
967 246
953 317
762 724
511 795
517 436
222 458
114 755
244 646
26 625
523 751
239 909
735 8
113 297
575 723
943 95
363 161
226 251
796 819
682 84
598 387
375 712
222 887
326 209
978 672
207 118
463 24
157 861
548 186
88 486
179 977
192 324
249 789
965 55
213 690
35 142
439 176
512 914
948 938
642 237
723 490
814 791
229 718
662 347
422 988
813 165
137 604
580 176
998 227
980 618
929 488
180 550
197 896
346 330
989 484
563 309
423 450
150 542
135 462
926 495
215 124
387 174
536 421
21 291
650 405
427 886
858 336
968 816
126 327
402 714
129 898
854 947
313 675
171 11
466 784
241 195
651 658
601 611
130 883
363 270
648 21
855 771
278 558
833 289
104 355
409 685
282 584
925 738
86 294
649 839
735 223
921 823
114 535
451 960
639 563
711 321
383 241
442 645
500 435
339 887
832 364
602 691
515 792
830 811
95 338
377 25
452 589
489 322
342 745
131 912
774 206
444 185
601 362
809 277
245 387
359 191
701 880
210 941
49 489
832 166
289 602
521 919
974 795
444 526
966 655
969 185
261 549
615 172
819 923
76 740
583 203
688 197
559 997
270 700
954 33
438 374
975 661
578 356
599 777
485 185
776 264
720 430
314 307
134 238
29 988
603 507
877 760
937 675
341 843
858 167
443 884
99 281
924 990
412 234
738 205
901 58
649 465
134 411
353 41
476 836
916 665
223 201
260 69
706 53
682 58
886 778
762 780
344 413
557 504
327 172
675 796
584 807
168 66
239 965
496 455
459 717
830 812
361 975
468 117
344 187
416 536
923 203
852 211
870 908
250 301
487 8
663 127
894 587
41 916
667 206
230 303
40 434
118 671
300 903
214 990
538 876
206 298
239 633
178 402
693 868
701 517
480 503
229 260
283 916
784 223
291 417
849 511
645 974
426 600
548 516
802 762
81 166
318 725
447 435
311 1
766 215
785 852
816 46
814 553
873 19
656 711
640 220
586 648
84 56
902 60
464 72
617 22
324 183
110 181
129 970
481 779
703 928
63 65
375 211
705 667
489 564
57 152
805 137
331 984
436 196
38 144
111 442
351 491
746 842
530 312
363 521
203 160
75 488
259 722
759 111
192 671
981 913
861 699
946 411
798 584
287 865
424 433
540 7
597 82
268 322
68 338
878 613
754 527
772 178
204 556
597 963
801 710
567 751
827 578
45 641
377 209
361 564
476 259
886 466
762 228
211 86
267 280
469 658
497 446
903 399
5 848
463 436
693 983
766 311
268 134
586 153
330 475
538 36
1000 701
67 516
158 749
913 584
519 716
530 146
559 703
716 830
73 260
694 222
812 233
499 30
191 551
102 905
305 361
72 76
116 797
674 607
135 485
897 158
572 536
404 506
182 922
789 777
313 64
168 989
885 880
834 738
660 26
111 248
574 736
906 166
855 380
165 469
440 44
207 316
976 998
773 39
77 666
886 592
652 952
526 865
613 287
160 42
235 558
901 131
839 443
368 28
995 73
777 286
264 167
196 802
266 347
533 19
344 85
140 423
145 100
899 783
826 821
887 348
469 483
36 794
303 199
226 248
634 237
799 639
356 875
486 686
490 293
157 897
592 672
378 670
396 248
915 936
172 725
363 417
788 994
148 513
59 166
44 434
962 941
488 572
236 630
349 305
41 608
371 233
689 188
687 409
600 497
486 234
823 41
400 641
556 420
629 874
229 348
876 104
492 898
524 428
44 103
357 248
177 322
31 379
290 35
441 181
135 457
229 62
391 867
431 982
600 117
367 249
785 920
101 116
263 421
586 704
204 323
512 385
797 406
953 44
972 888
275 24
427 309
29 25
765 303
109 459
700 850
904 656
556 782
544 718
247 93
16 507
749 251
252 309
796 428
561 753
284 120
468 781
216 350
34 595
679 161
442 928
248 879
691 303
322 342
216 205
145 183
255 340
436 466
990 793
701 346
648 90
558 701
995 101
373 825
264 323
377 318
140 494
269 206
951 918
113 468
991 497
260 791
954 736
947 119
35 529
345 353
369 563
122 477
286 674
75 993
169 356
329 110
761 115
706 948
410 233
488 649
892 943
913 758
715 686
685 266
443 99
137 780
32 682
338 119
76 236
721 574
6 990
11 948
794 41
508 442
111 783
662 245
497 687
813 119
281 158
309 296
71 953
132 791
341 647
197 611
826 117
148 89
215 3
403 141
924 569
392 410
300 259
690 951
396 814
536 49
78 440
261 248
659 912
134 386
402 958
817 649
251 949
234 813
227 613
772 667
557 583
905 62
194 431
587 652
803 859
521 238
705 857
118 310
52 928
223 89
705 970
89 248
640 603
5 215
216 88
652 878
156 676
469 411
610 171
762 94
344 811
187 311
51 337
800 494
838 106
306 347
257 805
75 538
131 796
376 246
796 538
344 585
788 922
736 347
241 915
607 456
844 814
408 294
49 20
300 77
646 603
945 82
763 823
106 94
326 587
167 717
484 343
121 635
619 276
733 772
625 955
662 256
796 610
600 711
379 472
685 99
825 742
241 479
811 983
852 962
618 471
581 737
914 579
234 476
169 667
43 254
975 537
47 734
78 110
579 81
247 487
720 169
891 304
878 46
647 553
982 88
242 391
265 572
670 485
804 959
731 713
805 322
237 384
443 513
653 654
321 941
527 149
131 188
652 586
635 386
265 550
715 42
560 168
717 664
297 213
192 45
503 464
49 628
883 813
790 331
314 624
998 286
631 743
309 827
678 412
554 902
852 103
828 472
352 385
425 603
641 699
149 900
222 586
789 977
871 107
894 216
628 428
521 942
370 620
817 43
381 108
509 23
292 995
911 867
868 578
25 168
590 915
497 830
42 621
759 1000
996 494
300 421
105 11
253 387
21 269
389 361
780 622
15 291
518 190
495 299
704 816
835 70
466 735
746 443
76 354
973 236
685 568
66 392
643 808
237 177
555 212
631 353
405 753
445 804
606 57
934 360
313 402
498 942
762 611
599 372
629 504
38 12
296 443
722 865
616 228
674 964
857 254
938 921
443 557
26 639
233 690
86 395
515 657
257 673
493 651
139 645
584 864
112 97
649 565
282 54
598 496
806 416
732 546
715 308
329 60
892 900
16 5
749 525
509 360
241 970
754 869
23 834
429 103
896 580
989 175
248 93
567 182
658 750
589 602
870 77
449 807
927 30
949 626
253 69
606 603
572 735
573 626
647 143
667 757
384 37
119 557
340 890
270 593
536 423
992 313
612 754
543 364
746 376
485 276
12 740
155 896
836 265
507 405
234 679
113 830
475 691
822 28
643 772
38 846
630 660
445 840
657 608
605 938
165 345
772 311
313 430
270 932
669 985
809 718
57 945
136 32
568 35
350 523
593 560
192 887
250 53
454 203
238 722
991 496
688 987
212 489
13 200
724 396
706 659
249 100
396 167
520 268
217 454
236 294
994 150
109 829
692 593
362 348
309 883
828 17
775 634
90 597
804 26
596 44
357 147
463 367
603 896
31 171
144 453
850 219
776 650
745 439
638 138
965 186
132 897
444 767
428 20
656 319
175 889
567 11
200 75
802 797
152 238
245 965
493 459
457 717
246 781
286 945
879 491
349 984
8 636
869 1
158 230
101 158
306 941
954 769
955 568
663 875
703 910
467 942
854 302
546 87
533 331
316 665
274 277
850 577
851 872
47 539
203 809
994 532
886 622
298 15
568 225
819 236
843 793
97 671
494 395
778 644
270 24
753 116
826 648
706 418
100 917
763 63
907 889
303 80
808 494
957 211
173 708
909 336
947 37
326 482
438 680
866 175
745 966
961 129
445 272
84 208
636 517
503 542
697 639
974 697
888 570
852 221
912 346
785 236
519 951
284 638
495 444
517 244
728 978
498 496
474 790
329 9
103 75
782 546
966 463
330 421
849 723
477 306
490 175
988 162
662 39
186 228
98 568
513 309
197 804
572 784
186 87
918 780
520 683
849 56
600 601
784 352
508 334
626 745
534 348
257 480
189 997
845 86
417 250
54 241
592 552
310 879
811 982
8 905
831 283
137 747
750 681
54 352
368 935
403 168
58 959
355 675
742 829
255 804
871 667
894 712
695 489
536 14
664 67
294 258
521 478
850 658
63 67
157 26
195 347
180 429
105 291
312 93
518 509
337 766
393 188
967 894
536 812
609 842
207 773
691 584
329 655
844 90
772 271
994 683
415 985
507 710
270 374
866 337
683 877
351 139
777 480
728 370
873 655
327 146
810 376
174 771
131 545
568 330
133 264
688 995
794 154
302 167
250 220
490 719
294 571
627 364
631 742
763 406
487 46
126 506
698 731
737 823
49 353
106 782
982 999
162 556
53 977
934 634
149 786
150 897
405 376
802 764
250 545
699 364
883 507
168 500
689 150
227 851
336 475
490 131
12 371
153 497
617 692
889 831
428 77
139 2
379 665
862 522
955 164
806 264
21 411
684 429
707 852
360 329
570 68
890 985
524 405
613 243
292 821
466 732
696 641
751 101
453 994
996 92
191 178
29 51
13 654
189 461
65 839
912 824
565 18
699 754
859 381
536 776
242 379
688 579
312 609
375 471
912 855
480 466
582 210
972 139
442 906
460 375
564 77
701 431
752 485
145 201
522 601
476 556
863 64
286 368
27 90
193 374
140 347
531 346
550 394
753 798
245 138
304 596
406 888
782 841
540 267
219 656
130 99
611 870
775 529
601 846
747 102
804 487
552 88
275 787
365 771
961 516
695 925
862 708
594 862
742 302
340 566
521 969
689 3
181 487
400 530
205 289
557 12
152 190
251 623
400 514
882 391
13 830
936 755
333 855
405 848
778 218
7 252
764 935
466 926
825 797
589 268
43 168
405 961
580 81
81 835
224 515
336 77
472 573
473 356
256 270
740 238
100 13
263 581
584 370
858 113
398 468
517 866
186 562
635 769
545 121
285 830
198 513
164 689
645 276
772 304
578 483
544 319
517 4
904 87
946 462
138 659
571 967
806 34
437 901
625 191
585 743
112 63
807 588
166 348
558 562
192 999
106 348
230 611
491 85
793 611
614 709
779 912
733 913
537 614
677 879
615 741
118 92
378 688
608 541
92 358
876 354
29 783
761 113
515 763
323 586
219 621
92 277
379 867
966 371
549 297
589 748
572 926
396 834
903 358
323 872
231 851
6 44
96 62
849 400
162 855
432 208
825 607
383 997
978 199
889 608
769 467
379 574
141 777
293 866
590 968
681 812
498 416
480 699
445 575
742 135
64 826
342 273
54 133
384 945
331 600
833 710
618 256
926 89
712 197
306 938
695 388
648 685
81 490
726 506
673 238
612 501
265 76
657 690
431 699
930 358
593 480
21 919
192 519
335 415
742 707
655 200
415 855
808 689
476 839
22 735
630 608
562 960
431 409
566 556
679 327
265 703
450 741
236 214
224 86
151 699
897 636
227 493
30 776
749 400
363 221
364 178
30 282
682 347
903 881
852 879
310 577
838 334
895 779
803 534
511 50
573 19
973 985
260 900
689 574
482 788
636 629
110 960
917 550
264 825
311 253
361 750
35 365
643 106
495 639
746 731
206 461
893 536
16 78
469 876
625 718
611 527
116 503
813 439
27 590
799 228
951 41
850 188
651 309
926 761
604 499
487 713
537 446
974 229
131 589
794 279
487 606
642 835
993 957
133 604
944 103
798 326
600 713
796 271
190 406
465 149
973 117
925 242
894 713
130 788
95 684
665 685
425 432
557 391
183 2
824 266
337 765
713 874
863 312
904 305
997 418
891 163
409 980
855 964
878 415
976 355
394 686
491 630
274 392
517 92
298 258
118 131
815 283
970 272
255 366
327 141
222 125
34 580
243 898
282 830
996 665
472 416
143 527
202 201
653 878
122 416
397 176
753 706
956 929
593 793
454 306
442 410
226 309
425 601
395 177
586 132
14 933
735 613
100 346
28 769
620 939
58 460
957 924
569 952
561 44
837 311
470 928
396 515
769 63
975 729
137 693
11 220
675 181
513 50
863 856
96 452
389 343
137 262
465 241
129 954
612 687
115 337
413 482
416 330
995 398
243 437
63 102
358 934
768 142
843 706
876 719
132 301
6 258
307 769
513 766
933 989
769 532
246 310
86 175
913 417
363 28
385 924
830 62
563 481
636 249
1 920
623 493
165 133
847 985
575 334
69 569
621 252
161 550
202 154
459 825
192 924
815 172
766 922
929 569
52 696
829 64
605 410
580 986
282 133
669 567
113 413
532 881
392 149
973 879
672 372
505 421
985 531
328 426
278 798
793 672
547 497
359 151
491 807
330 363
849 649
906 592
173 207
671 848
638 285
354 708
73 546
435 748
718 405
131 743
500 910
497 640
197 731
745 362
102 985
182 65
609 491
516 865
996 573
355 753
889 587
543 72
175 980
115 476
950 90
219 204
863 815
440 655
170 635
368 992
42 353
295 17
423 220
356 1
87 147
430 69
560 370
920 806
502 750
850 489
752 725
470 392
130 847
437 369
4 820
721 206
263 725
632 414
697 421
610 606
863 368
39 370
521 247
151 916
161 736
327 55
330 745
581 389
582 220
796 478
799 937
574 223
209 813
456 365
910 253
514 698
198 179
145 69
398 785
661 917
701 200
903 780
398 263
545 932
710 286
222 196
259 90
59 359
753 650
270 311
535 438
131 916
219 547
62 764
107 21
605 270
571 386
129 939
314 665
633 957
995 546
465 595
317 530
582 6
253 916
605 191
71 519
148 544
443 100
961 743
90 755
99 291
297 751
600 464
234 178
306 615
318 3
994 630
576 329
461 969
997 791
138 316
488 825
896 320
401 934
558 213
977 363
7 82
615 313
798 363
693 607
548 374
419 442
289 271
258 996
172 162
910 976
966 780
16 702
387 717
964 638
464 96
835 115
637 35
911 302
785 910
181 13
275 456
542 14
265 226
11 450
821 477
114 115
761 916
85 338
565 984
695 677
407 445
265 767
548 921
200 743
887 114
134 558
670 396
378 174
161 652
532 501
754 261
373 873
619 58
174 634
69 755
865 513
424 473
905 366
304 831
965 550
892 522
288 376
435 251
454 53
554 132
865 626
312 622
645 340
667 420
243 881
852 223
1000 970
382 810
758 129
335 112
385 992
211 190
49 303
66 711
620 162
508 644
144 5
698 692
625 636
532 920
134 741
92 506
185 712
239 389
738 292
585 175
750 883
785 413
823 253
185 569
242 570
595 2
783 683
38 108
696 210
7 33
508 328
861 332
612 598
573 696
940 93
483 538
618 67
525 565
12 584
529 690
343 126
788 473
440 327
718 30
895 406
300 339
785 985
503 795
111 115
703 433
959 417
484 7
977 130
704 838
836 204
946 851
764 206
952 448
570 883
751 624
632 552
707 438
411 661
817 682
677 594
713 873
808 799
14 221
324 797
878 412
330 734
646 486
226 799
750 563
550 130
645 150
481 715
958 423
550 65
230 974
122 207
468 951
530 214
514 755
640 570
473 799
94 169
773 882
389 633
451 924
322 524
408 841
852 140
835 854
453 706
917 968
809 183
993 306
630 9
190 490
779 987
887 666
945 439
527 549
110 989
259 772
899 66
358 223
782 653
107 477
784 761
495 914
151 358
566 65
323 517
503 947
289 939
475 462
828 330
371 273
851 27
979 974
253 205
145 986
572 376
285 633
483 856
580 458
29 604
357 895
283 884
647 858
20 769
791 990
918 814
727 410
668 657
894 441
367 27
8 984
327 633
900 268
632 247
480 612
959 372
86 736
903 735
659 392
16 646
733 519
976 772
495 308
959 473
530 743
933 762
626 892
96 597
933 723
924 915
542 70
837 906
696 882
164 776
147 58
310 538
259 532
882 189
647 761
25 666
507 232
354 381
562 822
928 180
969 776
930 542
882 775
665 859
687 658
781 617
515 517
398 139
23 298
62 276
86 398
637 646
87 675
680 723
219 273
735 119
280 72
669 645
728 255
123 759
105 896
217 382
218 673
2 402
476 477
937 85
985 473
939 120
305 739
269 904
883 778
496 658
374 343
310 557
163 362
370 858
421 686
279 320
141 351
128 578
625 516
275 789
992 769
790 180
37 480
707 758
724 184
11 831
372 798
438 210
447 640
414 347
755 659
148 355
811 741
836 176
709 206
326 662
510 371
832 567
427 877
615 276
564 858
594 17
348 109
780 958
642 955
458 469
357 454
215 1000
912 795
368 993
20 234
719 552
744 348
531 734
125 987
199 436
797 198
4 996
901 432
209 352
177 770
752 726
553 907
55 801
521 357
557 607
264 922
288 58
605 935
896 423
143 386
111 510
811 476
869 686
892 257
179 342
991 656
402 139
204 771
473 10
105 834
752 259
743 767
130 688
717 716
337 444
705 12
822 869
344 40
662 722
657 50
325 196
865 311
251 165
779 995
47 267
729 416
932 195
516 258
330 317
975 175
334 733
712 557
511 463
439 98
102 152
432 500
932 417
715 563
534 85
537 311
495 827
836 773
859 684
783 970
770 439
708 351
492 994
150 588
784 73
63 842
390 238
727 307
360 387
252 145
608 185
99 574
850 794
797 289
746 347
713 530
876 970
475 867
813 141
388 874
246 546
211 797
603 111
52 287
364 601
418 449
853 22
151 725
759 352
46 516
142 776
511 619
488 832
792 381
756 950
80 191
393 278
268 998
288 44
307 888
876 819
852 548
543 897
105 685
345 94
327 26
990 878
807 780
721 459
479 495
464 572
47 235
206 246
658 60
435 77
41 454
630 256
79 570
106 740
236 103
277 739
814 442
468 370
395 600
456 602
348 728
442 533
994 198
951 547
925 538
987 819
568 655
86 672
134 60
468 336
89 541
870 362
148 598
362 712
24 108
200 291
239 388
656 112
932 453
55 22
2 926
594 399
484 460
776 374
694 331
107 687
719 940
206 17
764 523
261 405
177 654
842 648
685 703
94 789
834 616
941 324
279 957
926 40
214 270
531 568
968 254
702 563
613 220
81 443
