1000 9898
335 695
590 196
672 363
886 687
468 247
962 375
121 955
381 748
403 395
186 633
252 266
899 747
920 654
852 713
542 261
798 659
711 374
327 105
863 331
668 471
389 838
434 369
971 90
41 401
539 446
795 808
706 389
986 949
291 601
950 792
844 315
393 823
27 115
526 282
402 501
576 808
305 710
532 863
460 786
601 308
272 24
311 345
831 902
776 408
500 150
597 800
528 361
140 103
785 350
415 431
993 19
559 356
11 786
885 19
72 772
589 801
28 7
554 358
884 931
131 653
908 499
90 680
70 386
614 207
853 629
366 900
628 479
336 695
341 714
747 443
146 936
241 622
224 796
506 890
488 129
968 139
287 677
552 586
58 159
332 786
119 506
535 201
859 35
185 16
270 130
295 111
43 222
102 639
224 413
674 872
264 784
489 232
910 683
416 187
647 760
318 54
47 988
449 421
912 827
327 444
368 307
684 617
496 215
226 867
1 926
787 235
554 34
834 210
1000 726
964 945
514 724
273 34
37 89
610 781
294 888
83 759
299 978
857 924
606 225
187 661
80 707
335 277
601 487
838 404
122 309
107 43
895 82
236 333
886 307
197 54
128 579
680 16
370 682
595 611
561 275
634 315
650 714
475 301
899 351
776 658
106 3
586 777
608 961
111 758
920 509
350 165
442 1
558 435
172 410
537 116
742 15
618 9
102 942
929 482
729 944
803 409
860 222
252 546
591 350
258 542
983 128
254 177
432 789
380 955
735 55
82 89
617 803
266 388
177 551
161 186
270 452
487 838
271 949
307 114
129 900
369 319
242 7
519 243
613 20
484 984
158 281
364 630
888 854
962 191
712 394
507 6
725 652
851 961
711 425
371 977
437 736
356 496
271 361
877 354
136 36
835 610
982 503
128 111
967 97
973 720
613 569
839 43
255 288
222 59
523 926
292 397
864 862
356 820
89 663
217 458
58 590
793 529
850 495
923 146
999 135
467 14
309 895
312 942
166 652
503 965
788 899
348 906
352 77
724 221
932 418
861 68
419 241
629 216
244 122
926 640
403 148
328 53
828 738
543 153
505 899
398 633
56 671
63 996
601 869
149 267
522 279
465 174
795 487
591 419
445 533
794 807
360 19
507 452
417 60
920 917
479 810
25 567
194 134
108 960
143 195
152 686
411 651
929 970
738 202
517 835
440 233
532 100
651 517
125 704
626 103
865 805
222 362
494 399
530 353
363 432
350 206
428 920
982 275
71 16
260 865
868 414
539 262
965 548
861 627
457 277
611 116
518 992
596 256
562 688
943 29
212 9
154 398
675 608
822 591
988 489
617 663
274 615
295 851
757 164
126 301
678 452
850 569
996 947
922 58
653 175
400 800
750 445
97 426
103 608
12 149
91 67
439 246
358 864
73 274
187 246
878 27
798 314
345 690
186 450
315 682
558 346
45 381
764 635
391 785
185 138
270 171
426 356
393 885
488 53
731 147
286 509
521 222
225 778
447 159
786 535
396 357
199 494
83 225
96 537
265 28
94 595
241 141
471 619
925 405
688 603
817 825
820 104
643 721
381 858
575 851
759 101
29 510
892 330
863 475
739 201
188 321
356 459
986 946
40 856
499 797
902 668
598 271
361 796
657 223
252 676
74 443
383 183
130 377
576 809
478 153
338 500
429 971
141 87
986 724
109 611
776 266
374 329
252 705
933 348
760 404
64 411
581 362
31 841
69 134
110 850
182 431
596 105
447 537
123 809
931 964
864 289
225 249
561 327
784 162
272 342
183 160
477 387
547 133
591 212
689 116
842 602
664 790
409 701
530 963
802 188
381 329
274 369
63 141
580 121
284 686
780 619
15 302
932 958
368 967
837 309
647 469
368 598
773 271
901 346
406 872
152 375
281 661
730 940
379 182
787 415
375 233
808 765
735 450
28 193
955 834
78 663
798 652
944 212
237 462
644 274
406 549
877 171
562 903
364 983
761 541
583 940
216 102
374 395
482 131
548 399
662 564
184 627
840 874
602 585
365 733
46 200
378 664
890 33
404 514
408 581
939 931
245 424
466 455
603 778
529 163
714 97
126 244
932 399
864 461
295 633
603 552
37 766
760 253
23 575
108 57
401 959
385 230
281 309
335 622
502 295
712 975
756 408
828 573
578 904
154 604
319 186
565 702
233 957
397 796
306 819
436 838
113 727
872 260
409 522
858 347
324 659
660 85
295 18
393 30
746 500
485 352
627 395
773 355
189 636
150 994
29 19
639 996
211 868
184 100
989 929
262 635
564 271
506 339
414 582
826 526
419 940
575 393
503 354
11 225
604 655
5 316
423 541
635 99
504 735
428 949
16 465
565 276
19 368
175 125
183 518
240 120
666 620
758 414
316 165
766 949
397 529
287 484
434 24
640 915
914 270
491 8
209 972
287 373
44 519
435 446
109 555
593 870
260 563
32 562
72 639
3 304
978 383
582 5
126 129
453 191
862 277
765 289
542 663
210 932
448 977
589 744
497 720
542 550
525 300
547 399
182 177
720 744
766 257
581 981
343 486
769 203
632 83
710 522
713 310
682 719
665 443
722 188
150 573
320 900
542 851
120 406
301 575
33 289
492 642
328 867
76 449
119 445
946 987
764 822
16 704
346 75
115 266
148 495
323 313
785 444
751 921
866 644
462 908
229 911
697 85
50 988
647 707
317 316
564 227
390 356
696 923
472 780
443 568
208 789
687 743
653 531
873 517
280 772
714 515
587 275
808 580
209 765
605 683
472 89
459 885
723 672
407 13
299 908
446 589
291 524
457 276
222 20
292 910
430 449
838 322
22 645
709 874
701 90
1000 354
524 757
415 292
224 327
306 341
235 185
531 90
771 165
754 855
331 746
387 684
927 302
838 255
586 108
128 524
625 706
440 782
137 850
961 406
282 269
536 964
658 672
309 628
220 81
648 158
449 881
11 982
183 84
638 171
31 27
274 490
395 418
988 989
550 892
419 458
542 828
335 550
546 291
234 439
200 251
384 994
133 745
9 475
665 256
194 888
87 231
489 684
114 3
86 399
66 446
546 116
235 835
222 122
284 408
285 881
983 286
15 24
18 332
290 553
938 141
21 951
652 915
856 526
125 739
19 202
458 278
556 611
833 226
27 343
355 98
339 617
229 645
307 199
221 533
482 99
652 618
657 845
695 985
57 605
39 533
868 435
400 321
882 595
378 786
120 709
156 565
729 365
808 124
2 175
780 450
730 575
712 536
841 244
145 701
787 762
934 639
903 388
211 460
965 91
602 775
185 745
75 653
949 759
487 664
568 890
71 857
275 984
273 375
758 573
45 190
660 493
37 682
242 684
558 260
281 344
923 665
985 812
654 795
829 830
548 524
989 408
931 412
243 234
667 668
617 985
638 929
888 592
548 393
418 313
864 878
38 630
149 322
25 972
617 565
555 300
21 376
632 361
926 149
251 789
207 966
744 242
694 768
751 977
350 986
646 167
795 635
668 491
163 123
263 749
527 416
124 227
142 966
256 581
302 520
209 963
752 395
258 78
424 374
8 117
652 774
150 64
599 483
848 781
189 27
725 441
304 875
654 127
748 878
325 971
353 841
990 951
900 475
478 235
619 987
985 213
921 637
634 244
199 708
537 909
828 148
407 795
895 92
348 817
983 321
844 966
608 741
19 896
336 984
653 193
712 643
475 303
654 414
974 775
810 812
32 697
267 27
470 742
725 481
607 671
301 61
48 138
357 144
582 331
805 978
267 373
456 191
3 690
522 494
634 906
543 52
51 906
20 919
461 3
82 312
711 871
436 839
94 895
864 778
258 911
461 148
392 485
648 942
720 329
313 101
812 377
66 375
449 357
406 930
566 136
894 517
552 838
366 482
721 177
649 300
997 260
964 467
323 493
865 942
772 686
648 916
920 857
552 463
378 295
195 679
179 298
416 72
489 902
473 9
311 825
920 712
152 626
937 493
946 632
104 363
412 444
895 687
289 431
41 350
630 392
242 457
191 512
35 824
326 361
808 504
611 374
73 409
558 708
683 228
691 421
58 874
277 716
499 980
886 192
814 413
630 197
621 421
65 275
87 934
731 749
943 366
314 562
325 270
889 446
636 733
288 685
843 413
387 896
373 326
448 931
433 49
272 241
842 928
641 741
235 506
571 356
936 807
810 768
796 723
802 912
869 400
291 658
232 403
709 175
676 824
401 922
538 825
152 244
984 849
113 609
348 456
242 839
690 991
105 197
893 36
976 816
831 370
617 34
858 316
397 912
863 557
510 735
261 225
246 545
56 221
863 690
259 960
406 785
940 441
228 507
416 229
473 500
436 232
610 655
682 768
555 18
920 693
647 706
616 4
688 433
872 174
411 826
838 903
929 953
624 575
276 704
887 78
49 790
435 33
327 23
253 493
282 948
420 680
922 643
322 437
342 944
354 2
912 434
17 82
995 791
9 566
49 577
66 545
677 79
611 199
114 789
729 272
382 814
701 10
351 593
961 933
546 781
800 485
552 134
628 689
656 714
758 820
795 314
934 858
554 719
617 561
339 343
958 966
289 638
516 519
224 21
300 154
84 513
883 259
828 640
722 127
150 508
539 109
127 190
619 269
604 127
177 786
388 644
923 813
566 27
802 150
965 442
682 672
845 212
921 535
849 145
354 785
617 909
881 715
871 512
198 902
367 225
650 85
670 16
410 938
342 417
949 199
384 769
223 486
404 266
543 691
67 138
437 260
845 391
77 797
924 826
542 505
570 717
86 21
74 997
114 482
85 459
262 576
247 2
892 213
344 291
492 171
795 436
958 472
482 497
947 873
360 973
606 494
690 162
41 848
341 427
217 245
326 433
635 411
47 121
395 744
16 61
804 644
478 159
781 180
947 180
322 37
587 237
532 858
4 467
58 712
989 876
851 848
784 902
503 798
589 845
97 91
153 217
147 891
400 782
760 372
541 935
72 150
703 41
206 193
217 598
745 369
246 652
802 984
328 79
275 584
719 909
6 808
832 559
46 729
655 693
177 350
234 281
896 268
950 115
957 889
366 229
572 528
521 143
109 124
279 962
548 537
62 245
437 70
938 445
264 644
376 680
414 846
164 933
318 247
116 682
781 818
488 305
731 415
646 164
445 829
1000 428
764 93
693 87
677 626
248 213
55 846
276 521
781 736
411 983
392 954
782 279
346 725
476 772
593 700
904 161
354 232
743 838
986 997
408 907
743 727
726 995
116 100
217 209
161 48
773 850
723 603
27 80
468 70
655 338
930 879
236 426
398 937
809 6
645 424
829 91
80 710
101 996
636 587
88 209
567 715
930 990
643 139
383 58
19 677
168 41
366 963
78 972
524 702
937 261
141 202
145 271
537 573
847 280
656 157
801 964
845 711
681 382
629 80
336 985
888 342
396 367
457 879
760 144
726 921
944 375
978 162
336 727
842 410
510 228
421 797
775 834
101 265
708 359
262 868
271 611
930 658
665 44
817 217
875 623
197 631
271 656
873 66
858 438
470 816
906 96
448 330
837 584
395 651
773 464
132 488
684 173
464 8
82 413
39 11
280 394
778 393
119 249
233 622
146 335
60 649
490 983
942 795
265 427
730 49
553 536
806 378
256 546
665 906
155 340
886 578
749 132
865 655
194 357
839 407
622 861
860 978
536 520
518 616
460 480
247 1000
87 835
202 187
283 470
526 22
99 632
969 667
342 631
516 232
277 572
226 148
155 144
948 595
791 39
539 54
139 388
526 304
107 8
719 257
741 857
939 897
500 201
49 407
421 991
885 218
300 800
931 926
549 467
127 827
534 105
63 515
28 838
402 640
6 865
334 114
172 121
300 70
673 676
620 639
629 335
236 830
332 631
813 128
580 157
467 161
641 55
533 1
186 412
67 115
205 237
966 817
938 482
544 917
483 451
51 647
256 369
480 927
526 660
712 346
364 597
968 841
590 981
521 308
874 579
414 529
273 675
112 309
460 215
501 525
651 518
752 581
860 656
740 494
248 804
28 34
138 558
311 653
756 848
795 832
84 505
411 91
655 500
617 166
588 953
311 546
493 699
955 632
905 401
321 842
416 674
199 873
536 659
22 930
259 44
889 383
942 755
429 996
141 48
144 860
325 63
165 954
675 613
988 354
329 161
22 140
408 528
616 767
232 820
709 334
737 925
331 738
67 898
818 246
435 698
851 2
173 18
584 29
510 173
244 89
398 421
615 122
232 609
603 530
984 528
959 781
205 274
25 668
461 1000
137 562
428 247
927 223
50 513
234 290
533 180
550 882
131 692
851 465
508 53
966 898
181 330
589 381
76 400
519 22
911 408
823 700
859 373
488 71
185 105
96 540
172 929
691 947
168 490
351 333
647 656
669 120
617 319
468 623
858 51
435 714
544 270
109 28
38 24
61 857
565 217
401 124
78 856
554 221
791 792
52 836
740 736
464 939
677 145
734 450
737 622
101 975
429 968
784 729
264 61
738 112
277 628
173 451
586 428
927 52
81 684
978 690
575 788
266 630
516 454
444 489
339 133
819 655
931 969
440 812
241 751
427 614
46 508
379 281
931 86
896 414
668 222
119 720
104 663
980 600
822 399
552 703
935 740
295 261
152 45
64 969
194 952
121 648
855 461
533 57
766 119
267 957
197 692
111 146
223 436
578 581
164 934
972 845
521 483
795 716
674 195
913 196
747 695
403 427
497 4
392 184
433 796
485 555
17 733
181 866
38 181
990 954
281 948
464 947
861 609
523 648
545 176
485 781
513 438
386 684
995 112
321 897
236 20
457 321
459 831
248 570
734 446
916 815
169 486
339 978
66 614
505 62
967 300
571 527
148 820
791 2
5 921
687 221
581 442
35 346
11 677
909 196
822 559
633 20
137 799
996 709
614 284
581 109
175 764
500 635
465 420
71 287
343 479
751 450
188 744
483 712
163 826
627 193
534 287
591 346
629 915
522 383
981 297
731 175
162 126
205 60
65 617
587 812
567 370
722 505
808 958
381 588
322 26
251 928
273 710
864 729
683 723
801 232
198 632
443 207
222 370
556 662
939 294
228 295
502 898
963 684
397 302
74 653
803 713
666 841
666 380
263 533
799 919
986 966
751 570
57 554
776 24
839 39
169 433
795 133
190 601
47 48
507 567
593 970
603 69
374 261
726 750
840 649
931 722
254 409
796 920
359 32
676 358
698 666
974 583
227 946
715 601
205 523
210 931
289 592
197 167
434 603
593 551
36 251
129 399
955 7
633 161
651 270
729 758
676 939
805 521
584 41
222 661
885 507
779 418
528 226
125 634
401 920
262 143
376 916
290 92
219 46
59 665
119 521
604 187
937 792
829 794
613 163
545 323
821 438
363 588
966 833
950 346
736 284
750 503
95 710
280 487
215 799
907 514
712 426
345 135
643 872
464 275
748 515
787 73
899 515
60 541
389 877
877 50
563 840
398 213
535 556
420 772
627 932
151 148
853 42
485 982
677 252
203 365
409 478
544 175
840 854
982 753
930 916
201 796
553 55
239 828
3 18
717 122
710 869
302 2
305 814
396 67
607 285
844 577
294 614
101 652
356 955
657 418
808 18
738 335
64 290
517 479
12 2
140 975
399 834
515 173
700 247
847 64
228 656
979 56
222 643
638 351
31 119
128 958
571 130
183 88
404 795
921 119
390 274
881 843
555 662
472 173
295 403
426 590
637 270
819 961
660 630
903 97
466 974
487 932
576 633
772 812
815 910
953 417
547 856
966 786
437 96
773 390
208 168
760 645
929 136
927 909
901 961
683 409
721 110
481 769
264 889
466 643
51 698
425 934
399 85
493 90
460 101
618 513
952 437
497 960
554 297
452 310
76 85
848 6
596 876
977 934
778 721
906 490
235 572
551 452
709 860
912 754
51 350
731 704
436 492
221 530
852 948
800 203
505 199
527 156
342 978
92 993
705 94
243 907
818 855
310 484
18 562
571 885
477 842
281 757
187 652
993 529
724 349
355 466
8 190
491 18
352 700
121 113
126 482
24 910
97 232
283 703
267 274
965 951
948 699
992 891
221 71
24 573
991 615
188 880
45 921
598 719
362 47
685 329
281 3
230 110
417 451
361 916
220 48
461 826
249 608
236 810
419 282
737 267
898 904
759 882
484 380
86 536
513 154
258 567
868 730
15 645
141 842
128 87
826 50
81 9
149 425
56 853
655 597
270 493
882 381
77 989
229 226
394 265
218 85
811 200
43 98
484 56
247 450
213 350
179 888
881 268
6 261
495 523
109 110
660 770
368 296
77 656
481 527
43 768
156 33
212 194
415 788
217 53
109 255
237 458
216 667
916 603
167 483
566 937
52 865
843 950
327 217
644 173
683 833
298 481
887 417
948 347
183 574
83 21
981 157
553 510
89 540
536 716
580 961
247 548
692 983
677 5
239 884
666 310
410 104
838 24
351 683
179 880
145 670
827 838
865 15
542 703
317 632
65 877
658 596
770 58
590 683
462 222
728 688
125 288
733 161
456 83
684 363
577 989
409 835
698 827
167 652
794 342
837 276
694 167
876 830
509 931
954 16
383 862
621 331
423 503
445 239
635 733
997 990
440 247
271 771
220 681
707 201
979 556
638 851
125 868
253 303
751 16
848 273
208 112
910 537
94 668
251 931
548 797
75 369
844 11
105 525
425 258
890 598
428 659
881 441
221 952
717 787
569 158
276 559
427 461
48 902
431 397
325 650
471 970
180 131
213 425
200 833
717 996
773 914
886 805
213 197
394 865
714 634
899 964
498 685
780 895
691 422
473 857
866 128
89 222
72 162
414 725
579 650
47 416
973 583
32 967
252 866
439 346
574 435
577 381
61 324
851 149
365 846
574 119
991 558
478 631
27 717
883 522
844 828
59 220
84 889
949 699
822 699
434 600
805 935
920 431
742 450
104 562
12 381
159 254
831 520
758 632
742 93
319 484
237 648
896 327
611 427
474 383
755 994
906 800
360 378
233 12
854 248
626 589
148 99
849 170
554 3
241 331
483 628
394 239
531 546
834 214
915 963
402 658
4 610
719 613
208 205
485 319
986 500
569 324
452 456
426 175
9 157
836 342
971 505
953 86
699 566
355 876
963 877
433 253
655 163
511 529
207 808
136 118
764 502
753 929
334 276
190 792
543 796
51 242
182 920
566 838
348 551
990 114
238 759
541 412
725 239
748 192
571 729
3 21
576 881
840 678
362 278
549 2
109 523
3 162
120 796
118 891
799 462
541 826
509 438
715 759
808 19
883 633
791 186
98 751
181 147
189 653
748 373
689 865
780 56
989 238
4 262
135 212
908 340
642 168
182 145
223 815
405 190
667 519
923 689
452 255
376 945
305 459
741 22
456 137
522 308
778 154
414 198
107 848
797 287
670 23
911 267
219 299
426 208
189 591
515 208
191 129
513 889
592 990
77 794
156 175
947 588
855 879
87 449
53 209
430 102
38 143
898 932
425 346
415 819
416 115
159 965
53 322
4 922
407 335
374 134
469 242
913 206
313 606
136 481
247 829
793 674
933 148
152 843
168 164
982 675
711 35
717 654
773 652
765 824
526 460
731 798
201 831
496 365
813 608
601 318
68 426
621 501
625 384
505 272
916 357
335 93
83 428
583 267
126 352
760 264
832 917
620 780
790 18
866 652
819 574
14 860
400 656
755 700
955 78
874 18
432 1
91 936
55 481
148 197
947 148
816 231
253 40
998 322
237 89
559 791
130 171
896 45
823 642
39 147
261 149
247 300
546 870
685 347
858 243
626 85
826 277
834 872
872 459
229 882
789 621
570 798
578 357
686 872
161 355
768 309
143 439
476 912
989 969
857 347
330 765
347 649
189 166
174 586
86 278
144 617
571 156
368 23
576 620
63 525
762 843
832 309
351 871
645 937
49 573
891 786
675 961
6 937
805 78
58 965
479 445
972 497
701 45
676 509
854 813
115 701
376 335
139 413
194 319
883 640
225 62
357 553
249 944
699 274
39 750
813 358
29 473
662 117
98 924
97 469
996 711
906 555
444 638
927 115
580 277
747 268
710 656
894 77
551 660
165 137
893 939
508 143
488 637
510 453
797 677
873 71
517 989
825 804
552 556
917 252
224 685
55 302
445 523
747 699
806 524
256 360
139 802
648 114
321 923
517 984
845 507
276 970
189 631
225 934
638 562
342 95
270 232
626 234
735 412
627 319
845 332
192 564
657 606
674 852
824 185
553 541
700 980
94 447
496 154
630 541
191 447
166 107
484 209
186 797
852 638
635 102
478 211
657 888
456 839
164 408
863 30
791 749
522 610
258 860
363 232
680 694
843 34
758 403
465 792
598 328
247 922
909 435
965 739
678 240
130 314
795 52
635 309
249 114
191 883
455 574
236 417
383 692
946 11
567 601
895 124
729 154
36 7
199 565
607 178
883 629
541 613
497 893
708 64
659 924
1 346
239 478
846 306
957 619
250 721
955 118
884 16
352 161
206 60
867 834
974 290
357 176
410 872
589 453
862 971
276 426
647 229
171 308
983 205
395 300
953 266
241 552
707 791
820 606
345 634
660 135
394 382
312 365
115 352
996 319
651 972
484 107
634 14
181 21
293 587
594 270
116 638
228 16
601 730
525 892
722 618
268 782
323 461
234 784
740 26
354 333
872 146
334 801
19 181
347 361
668 350
27 334
411 943
303 245
471 931
211 185
298 279
706 440
139 793
618 860
568 457
44 922
208 552
373 994
544 50
969 555
349 96
526 774
740 606
580 907
862 73
188 8
308 913
999 161
856 145
654 452
162 542
145 724
883 632
990 146
25 270
45 947
47 684
379 937
491 999
913 763
205 557
996 776
577 634
318 788
998 710
950 640
44 252
427 652
543 234
75 720
141 578
200 2
474 673
494 380
901 940
594 174
975 351
854 900
980 583
504 376
729 833
414 37
417 263
534 362
811 947
907 100
451 32
803 343
370 765
718 102
9 478
427 59
945 698
897 319
440 318
574 609
975 994
212 802
46 786
584 469
417 625
881 661
848 474
377 982
176 423
787 393
20 714
994 607
646 188
134 627
411 794
892 209
877 899
146 37
484 579
948 210
933 770
626 276
313 605
188 351
575 349
852 950
13 804
87 663
536 579
476 820
169 126
762 672
984 149
820 315
58 814
455 736
517 357
903 844
596 290
64 243
417 901
821 671
400 213
878 992
611 231
739 314
499 513
796 851
304 561
296 407
182 566
315 147
888 719
170 882
28 628
732 960
235 152
606 953
22 30
940 757
580 540
112 719
70 644
529 842
784 864
73 470
736 370
755 526
975 29
758 903
379 802
763 909
509 187
239 278
693 765
766 29
659 837
400 544
384 165
333 254
44 119
289 888
436 175
270 576
242 907
261 259
483 399
409 560
708 188
780 609
398 528
775 963
391 529
103 779
570 172
129 546
830 378
7 961
360 224
238 129
989 855
543 544
855 882
839 47
954 545
902 961
490 853
551 490
412 452
752 287
847 928
832 391
722 209
748 875
622 820
685 987
233 961
173 514
47 25
100 727
536 718
921 576
244 937
719 762
652 496
891 889
503 728
93 348
648 279
926 866
122 316
433 191
987 880
218 971
934 525
649 691
386 158
353 977
816 471
967 716
103 133
110 739
635 260
534 65
438 170
462 220
728 690
180 789
452 18
401 867
957 951
637 323
439 897
828 232
951 153
384 129
457 589
48 30
357 236
525 963
180 555
508 136
292 665
516 171
349 600
48 493
711 866
215 115
492 660
328 845
111 66
214 329
25 604
764 159
656 906
159 745
808 929
206 524
364 12
891 260
812 369
398 534
492 457
935 201
369 18
467 765
141 218
859 339
223 759
961 487
670 409
159 924
165 223
882 803
202 472
939 424
762 765
377 345
916 1000
611 496
95 163
478 57
744 687
784 518
494 600
749 418
861 616
678 420
917 822
757 951
916 439
804 728
184 533
443 800
698 703
84 54
486 838
641 941
70 1
531 497
182 591
984 298
792 963
94 618
706 537
502 508
452 705
714 60
593 441
40 451
925 63
649 687
267 348
785 287
126 139
163 415
590 538
650 128
704 233
715 555
336 584
103 318
827 66
521 787
3 516
512 161
603 699
716 890
894 929
903 126
870 503
998 184
983 204
660 273
453 765
755 917
962 585
727 203
360 395
49 380
533 126
717 497
590 65
526 745
945 750
416 284
475 891
856 794
531 770
987 609
973 457
868 65
171 243
523 358
251 65
358 871
859 270
351 506
208 892
883 432
427 410
765 696
659 23
290 910
956 595
597 367
229 619
527 20
830 119
259 370
283 104
302 436
855 536
217 156
972 340
496 101
408 967
835 724
729 121
399 963
142 332
255 461
166 374
648 497
944 792
676 423
434 54
943 139
325 160
400 121
420 116
115 628
541 700
111 601
339 124
362 167
607 431
331 736
705 435
120 909
373 293
818 242
747 24
159 79
879 604
400 694
185 576
853 845
451 261
183 591
989 285
799 12
395 506
101 335
141 722
733 792
846 41
333 170
116 782
979 648
547 972
417 247
290 127
863 878
208 284
794 575
635 647
10 110
360 487
768 926
85 885
538 568
550 26
854 726
988 616
609 613
593 24
29 36
323 283
161 468
513 895
787 392
428 171
886 726
578 287
885 897
356 728
122 899
696 974
55 865
403 256
475 109
157 206
742 741
781 747
229 574
493 889
778 687
672 166
401 112
717 938
630 501
755 904
231 410
986 957
271 479
574 156
649 811
268 375
655 325
87 775
516 29
723 563
724 344
796 829
561 199
540 314
286 742
857 476
170 883
853 670
927 379
395 858
288 746
719 197
23 818
136 910
838 221
344 561
718 769
59 6
244 10
724 796
129 500
478 879
528 158
379 658
486 330
237 720
435 952
76 722
851 256
584 133
718 208
828 528
114 62
854 528
727 167
68 909
509 781
591 499
124 793
825 895
418 319
402 728
220 631
96 580
315 941
797 481
625 499
410 907
176 876
731 101
219 265
371 714
890 718
322 50
584 321
603 175
753 382
274 177
211 139
84 245
152 749
100 227
191 308
565 103
488 325
424 749
77 653
117 608
786 167
987 16
899 604
77 542
533 634
908 662
530 160
632 448
351 576
31 558
802 461
792 714
478 237
173 513
799 733
507 559
364 236
93 298
238 685
278 196
26 357
744 594
639 355
767 318
605 399
2 282
352 488
856 219
875 137
583 344
473 653
995 560
444 282
671 693
282 399
474 981
737 985
386 171
524 921
157 704
858 895
840 478
141 423
128 970
735 579
3 410
520 560
278 768
524 104
548 102
162 297
206 38
780 849
249 513
603 606
381 4
516 875
722 64
135 431
299 263
530 911
158 980
56 634
129 242
276 7
138 96
46 617
408 473
685 878
937 422
63 174
986 215
751 29
333 340
601 764
546 71
582 777
17 915
289 214
932 808
989 777
919 854
132 356
281 890
781 849
341 810
876 490
769 897
403 459
167 162
173 929
959 198
761 553
394 522
804 773
308 468
735 303
972 83
593 258
479 109
568 64
307 148
307 858
860 824
477 604
481 665
133 368
429 729
32 141
285 597
131 339
294 781
912 588
30 795
839 176
640 874
465 943
572 869
502 322
35 493
861 777
734 41
987 505
780 305
563 899
382 135
629 398
267 351
549 333
628 714
224 144
888 375
962 898
101 630
961 765
671 830
124 953
180 891
714 287
842 296
236 591
510 186
883 444
996 741
210 46
90 616
310 125
519 267
283 823
237 664
495 32
300 466
963 274
693 421
253 494
272 691
936 730
833 802
546 694
86 694
215 22
612 666
915 262
872 359
937 142
582 730
696 725
215 903
592 870
224 570
550 20
856 795
208 420
238 207
384 682
539 798
207 900
461 404
669 111
322 122
360 825
713 891
971 331
384 601
830 386
479 48
248 954
869 376
262 606
14 207
604 763
753 151
972 119
647 585
193 120
798 719
341 32
955 309
22 581
665 794
649 189
616 296
247 858
152 6
550 239
611 200
735 33
233 986
776 56
699 254
264 364
620 359
51 100
514 660
553 426
94 74
299 786
583 2
30 43
849 924
26 349
944 1000
212 128
916 789
676 311
491 187
41 888
889 92
283 727
691 210
703 741
468 345
330 326
426 921
723 229
616 883
176 672
361 356
572 966
704 246
881 540
102 189
547 256
771 840
205 700
421 847
998 123
301 233
509 6
662 162
920 317
996 616
138 454
750 603
381 204
219 145
550 887
898 460
862 933
81 144
209 159
63 768
176 236
910 779
694 973
348 426
703 752
138 56
142 544
398 548
346 135
54 380
989 687
668 760
416 313
825 979
533 258
517 909
960 806
906 180
30 480
347 384
858 60
790 937
652 906
7 765
109 23
57 900
421 235
683 200
981 931
798 555
88 814
623 466
424 272
61 965
922 139
957 11
668 66
857 911
506 231
715 473
694 849
810 511
683 519
922 725
725 128
857 824
90 360
776 419
735 827
575 898
373 230
870 903
999 886
467 97
196 609
876 131
897 514
308 887
519 911
576 207
687 181
371 362
761 54
249 763
654 704
478 591
40 724
737 158
187 189
392 771
375 720
784 297
987 732
172 544
663 739
375 577
486 474
495 88
81 252
803 373
73 528
404 940
534 743
295 145
133 822
48 563
967 675
362 638
812 396
592 91
358 962
180 486
169 627
308 66
898 610
790 986
493 58
557 625
949 455
848 230
565 151
937 272
166 66
795 926
982 480
929 724
269 331
109 140
136 800
903 908
740 306
544 13
857 122
985 173
895 918
61 90
482 241
28 261
247 947
359 341
866 107
593 993
688 955
932 268
451 755
178 105
197 283
19 683
924 41
362 365
100 977
210 809
589 610
432 371
322 955
309 915
274 822
792 814
339 164
361 316
141 422
167 716
932 439
898 227
954 601
427 697
870 239
110 592
22 282
667 595
637 321
729 782
971 917
128 233
720 659
183 269
976 557
404 78
133 520
153 330
228 906
873 443
943 683
306 856
471 118
453 519
419 395
667 739
884 221
634 772
998 365
124 346
146 532
930 716
185 202
112 998
774 362
971 942
82 706
944 169
746 365
272 886
198 851
806 402
717 45
129 524
403 93
668 599
480 922
449 495
655 843
416 208
759 263
651 528
252 331
90 410
753 234
113 11
958 11
925 322
765 515
952 224
607 30
60 485
152 857
333 919
616 205
47 217
764 349
820 479
35 801
587 508
454 181
809 842
343 616
722 969
714 969
898 919
322 586
913 53
342 649
170 534
843 261
771 32
131 897
210 890
525 241
420 417
904 622
390 521
118 642
175 441
748 269
288 787
606 887
366 760
405 452
98 694
27 638
211 397
533 952
744 610
111 684
318 974
102 97
429 463
710 864
107 701
35 40
864 80
629 848
760 33
135 125
211 747
868 527
280 48
309 8
509 835
439 568
613 349
119 394
307 646
829 833
417 90
863 901
445 556
71 482
419 645
601 735
492 408
937 573
609 968
721 19
96 741
109 368
669 110
526 521
934 338
646 358
557 697
686 935
39 69
627 653
762 527
423 936
619 749
781 598
52 950
339 706
162 993
434 210
278 419
795 247
13 142
530 120
916 893
523 949
377 85
472 383
516 202
573 39
73 173
27 911
121 88
749 678
827 932
866 898
278 124
639 81
212 240
197 100
144 112
883 637
847 478
775 589
50 838
197 245
953 879
183 38
735 629
448 565
292 878
102 13
547 144
989 283
135 97
837 327
965 274
380 790
332 913
722 9
665 997
250 978
533 47
64 786
910 955
603 423
966 274
415 409
733 568
368 980
137 359
393 973
509 585
8 660
63 118
319 984
12 816
986 71
570 774
592 978
556 821
151 755
423 878
869 266
530 408
416 24
499 475
705 646
482 281
281 930
972 148
223 18
890 509
772 387
705 928
729 42
341 436
472 61
306 585
623 578
316 246
265 592
486 546
583 80
658 169
916 785
222 248
529 412
46 102
24 868
187 752
313 941
26 190
321 586
486 780
468 271
624 109
201 264
952 724
668 133
81 678
490 922
896 711
365 786
819 661
822 756
127 872
609 249
499 465
228 689
102 94
874 143
913 569
72 22
156 18
172 424
45 182
229 297
858 699
864 24
702 872
370 497
8 884
814 890
251 606
362 861
950 74
229 11
102 779
432 867
224 645
311 722
204 334
775 283
725 924
613 452
67 222
752 854
582 492
461 458
33 195
587 612
769 759
420 645
845 420
318 60
284 500
13 530
397 691
289 298
760 941
381 644
113 110
935 183
470 49
485 935
281 958
658 344
859 505
436 350
240 375
937 279
223 118
264 199
194 280
762 708
89 118
1 916
830 768
40 942
166 210
350 143
722 994
249 376
691 337
143 710
702 650
903 796
524 599
770 538
668 878
382 911
553 481
737 652
679 609
983 136
408 688
134 926
984 483
141 114
416 607
841 160
956 89
301 364
411 468
359 58
149 712
603 323
595 376
5 788
525 93
144 876
754 919
144 496
284 604
822 720
533 931
954 328
205 754
921 129
225 284
121 483
489 135
607 647
477 510
150 460
318 930
764 726
999 345
904 822
298 566
443 419
797 319
215 979
78 141
560 188
362 704
328 880
385 415
349 966
194 777
637 19
557 434
336 58
191 116
402 845
419 889
647 321
165 947
165 795
754 380
857 409
621 656
741 122
129 700
5 1
763 589
337 561
218 340
86 868
721 331
596 673
119 20
731 670
575 257
672 224
777 854
843 73
56 261
240 226
494 731
151 142
189 55
616 349
445 429
981 203
681 135
365 406
352 539
153 606
763 271
286 770
415 698
183 654
666 740
904 817
102 474
491 209
607 295
776 459
260 548
196 698
398 686
847 453
850 427
245 403
317 550
622 133
456 406
809 406
499 280
154 197
270 963
417 541
382 103
920 436
888 488
137 910
814 976
641 366
663 439
111 796
132 887
643 871
447 318
479 745
135 397
302 748
962 214
845 808
996 340
51 799
379 442
569 734
695 362
848 355
105 575
812 454
246 910
535 194
198 813
192 437
449 561
295 41
940 290
404 891
561 979
346 819
569 440
74 870
825 38
152 696
336 181
335 872
696 821
90 460
18 353
351 487
136 236
7 667
461 844
768 497
199 179
260 53
498 1000
523 633
92 868
143 463
692 199
86 338
731 619
271 452
790 604
188 294
796 165
140 385
611 9
11 984
799 131
32 905
456 581
175 902
209 493
761 318
356 978
896 845
143 988
459 961
887 571
487 393
163 303
812 971
499 327
5 876
500 52
301 453
345 793
654 635
715 635
720 943
891 962
282 274
139 135
949 666
567 863
510 212
690 262
614 169
319 263
871 858
545 787
896 312
219 147
521 669
206 911
707 870
905 293
158 18
509 870
641 402
699 794
722 153
405 923
243 93
945 986
589 199
437 106
703 835
82 651
502 512
466 746
604 772
197 937
224 868
99 724
639 982
379 164
685 937
682 861
20 292
66 38
809 598
807 967
167 356
479 22
27 433
924 161
686 960
854 38
530 296
808 666
626 385
575 456
501 411
545 173
251 332
825 917
541 345
943 485
526 183
606 353
53 623
863 82
667 495
902 650
395 736
41 184
632 264
92 541
734 84
338 381
637 887
913 70
550 378
532 977
771 123
311 338
738 250
331 560
794 184
884 356
504 220
582 43
583 262
275 773
631 538
709 444
819 660
213 685
783 881
515 143
516 604
365 930
404 854
286 278
768 561
515 284
607 674
577 971
233 173
988 11
264 446
720 681
827 399
298 595
82 442
914 335
33 646
875 635
406 446
257 478
916 31
974 125
116 877
7 142
755 241
512 340
729 978
72 459
560 96
660 82
396 790
985 529
863 988
989 689
347 297
370 35
266 358
397 976
114 244
346 8
988 591
203 897
720 245
337 699
693 46
968 995
915 220
795 471
494 371
402 795
26 829
579 203
319 844
769 615
844 29
107 246
350 850
607 803
439 724
247 254
696 92
768 441
130 926
939 320
136 957
990 141
343 337
182 938
199 8
408 915
670 579
606 349
473 839
717 48
552 449
799 734
47 37
361 998
952 915
516 252
203 299
424 44
499 624
620 56
531 473
511 249
224 425
421 705
978 766
444 166
870 952
748 404
843 488
760 442
460 952
529 153
954 486
201 137
989 160
438 174
520 563
289 574
747 34
662 249
855 861
123 780
484 399
396 581
953 384
456 168
609 486
607 791
958 659
689 398
48 18
565 531
214 611
713 256
253 455
113 636
275 847
438 379
647 13
33 275
879 484
94 868
898 549
59 739
355 664
797 337
693 352
949 150
253 297
223 401
684 165
854 285
391 625
971 467
187 954
155 703
281 1000
51 510
242 540
986 175
869 847
700 977
593 263
579 820
592 185
350 217
901 215
246 414
657 883
182 950
974 894
41 470
80 636
78 923
964 920
626 435
805 412
520 4
919 132
438 125
265 623
71 327
907 131
40 169
319 529
844 596
4 403
408 572
317 474
563 900
982 974
115 199
406 138
281 367
662 955
558 248
282 319
466 48
174 257
894 176
738 388
421 936
758 963
85 975
283 923
533 823
861 458
314 127
187 231
893 985
489 499
89 800
284 970
108 737
432 861
766 168
721 857
495 402
99 989
393 838
746 316
345 637
331 185
474 411
868 879
636 879
191 26
74 295
416 272
864 926
722 468
941 630
540 845
217 804
327 347
322 121
323 432
311 999
977 947
340 803
962 9
66 114
658 270
409 672
252 925
5 501
635 168
563 439
156 103
873 755
456 793
327 14
835 46
592 165
913 245
517 507
938 832
649 819
833 62
321 834
31 683
322 573
674 767
361 958
197 320
749 275
273 368
343 22
390 969
338 406
301 290
102 813
446 853
354 784
970 83
663 20
794 165
154 4
562 675
288 706
861 155
809 352
738 326
352 501
353 940
637 948
728 848
68 465
585 201
269 678
842 248
202 667
519 586
791 289
427 626
253 828
115 775
618 314
594 397
391 477
449 847
945 66
122 455
607 734
600 552
799 8
453 588
147 549
992 402
977 322
723 290
766 196
822 42
695 216
733 901
223 715
152 72
357 433
655 638
582 682
252 201
822 197
384 875
646 919
578 633
775 305
797 312
571 236
603 470
142 726
129 985
299 393
281 646
467 859
765 374
962 250
265 410
543 587
727 125
152 516
259 940
570 614
937 313
911 981
643 619
751 522
147 888
423 735
65 7
528 921
621 10
490 540
164 477
769 853
458 254
192 910
402 489
477 931
852 145
155 163
657 101
14 746
514 288
439 363
395 961
801 838
879 809
442 428
480 215
79 945
158 443
338 269
140 27
254 393
73 123
250 560
359 246
549 258
326 901
984 581
95 772
681 555
721 630
441 869
318 900
599 525
671 896
283 835
181 805
239 130
529 869
816 157
30 171
180 89
208 365
704 610
758 725
337 15
432 869
710 584
414 149
626 911
241 903
722 378
632 64
444 916
372 944
73 998
863 991
722 269
645 775
375 785
871 684
724 491
539 810
904 509
333 317
604 369
138 829
433 955
240 395
439 141
848 74
77 824
80 228
981 866
837 782
112 342
811 495
930 531
165 294
900 175
191 390
415 930
515 624
753 45
41 505
388 362
291 609
308 641
19 462
991 396
761 411
429 915
602 685
736 727
8 89
477 903
745 911
641 836
895 241
87 916
491 247
753 664
828 174
331 590
659 119
666 226
357 706
504 138
253 529
552 184
273 457
112 383
117 194
447 977
875 26
251 396
309 912
71 529
845 766
754 917
98 657
762 376
581 196
949 672
116 186
344 529
328 182
184 378
510 237
771 901
906 676
976 544
573 642
722 60
229 476
674 315
620 675
37 892
96 271
668 797
813 780
711 857
290 419
318 365
824 498
453 806
369 299
759 738
346 364
618 686
357 346
128 215
640 4
552 311
366 488
704 923
464 400
891 283
458 200
160 889
270 679
199 312
971 419
609 786
973 273
805 504
675 794
795 974
177 555
611 810
179 421
164 567
938 986
868 287
373 871
834 155
448 322
764 344
584 942
515 620
847 899
961 4
783 327
17 108
736 772
183 539
274 341
369 593
373 953
264 451
302 354
446 559
359 378
948 437
17 253
607 144
679 519
424 9
995 882
147 588
291 891
883 757
761 674
973 951
5 997
999 187
141 229
783 650
182 499
473 749
662 969
405 336
445 729
870 940
448 957
158 632
766 749
822 515
75 766
593 854
387 714
462 146
282 316
31 155
876 484
733 109
93 974
900 884
172 483
210 42
729 766
869 10
440 603
41 255
831 561
922 383
797 609
176 279
654 814
894 403
715 780
977 357
334 234
541 570
215 189
570 412
129 210
132 517
43 372
673 884
744 391
581 764
929 267
358 687
111 109
968 432
979 260
428 441
413 11
881 739
147 163
898 697
336 24
651 851
176 433
888 640
15 408
623 119
80 29
51 428
882 926
97 176
811 422
137 187
658 271
363 543
768 499
553 191
148 645
892 804
1000 380
13 937
624 696
821 882
861 677
757 628
263 995
706 434
818 728
321 976
48 808
671 406
696 132
36 621
679 453
334 846
762 909
778 918
827 731
182 459
623 777
51 891
610 184
886 270
683 684
568 668
799 439
784 916
550 687
628 699
171 842
62 789
469 893
550 574
610 269
690 54
979 960
755 681
940 813
906 749
724 884
231 868
736 954
509 2
326 696
976 601
708 416
11 80
603 666
492 827
418 50
332 908
423 295
461 112
32 745
928 651
546 310
538 658
996 330
501 948
797 359
559 888
996 794
436 769
555 317
152 504
247 321
582 826
381 411
86 944
824 281
845 445
685 596
147 965
601 937
48 615
796 223
33 149
968 600
151 637
762 604
544 263
851 901
925 406
503 142
968 679
588 240
290 943
165 355
441 553
631 178
189 155
321 3
657 937
273 928
790 655
404 791
486 598
680 340
680 741
366 539
153 619
960 277
852 547
715 477
402 486
866 67
170 602
143 305
657 100
400 203
239 856
934 904
295 922
331 421
581 461
619 790
781 59
729 378
615 156
567 622
140 20
32 629
168 341
244 224
944 830
598 711
106 129
32 740
182 298
534 191
148 494
228 700
407 607
410 417
253 223
2 887
483 647
514 778
395 396
626 682
400 550
112 784
846 415
298 593
228 914
279 758
301 858
929 465
451 117
117 694
59 872
262 193
175 950
789 950
93 585
519 109
834 577
335 698
120 473
907 279
671 310
788 114
720 344
522 162
336 81
65 565
727 127
655 962
712 268
551 813
552 853
185 396
646 3
133 980
237 615
935 35
242 246
27 494
940 523
428 679
470 494
716 466
789 618
294 56
575 409
63 373
212 657
929 402
768 443
843 977
937 276
959 911
962 516
907 800
53 464
114 542
830 184
942 598
653 673
730 500
938 793
652 543
270 572
859 948
75 870
57 759
723 978
795 33
389 720
340 386
566 944
326 181
631 871
330 184
279 225
325 99
589 918
556 108
758 219
615 838
942 18
211 4
875 29
165 603
495 964
645 705
756 55
510 601
301 11
853 558
312 170
641 662
515 237
112 606
791 360
687 427
746 917
125 312
89 834
9 282
214 758
127 623
23 672
582 465
38 691
241 517
115 28
833 857
101 17
622 461
306 807
713 610
785 925
635 578
906 22
587 807
966 850
592 895
150 783
524 655
281 716
138 847
671 443
713 753
588 459
769 679
129 512
595 757
892 49
899 641
772 657
372 937
47 903
599 186
857 271
434 456
414 690
926 848
791 516
919 563
393 4
392 44
748 935
546 66
517 116
533 432
591 903
460 395
133 379
355 167
420 400
300 904
829 403
502 165
565 393
520 6
779 819
282 889
818 791
412 708
344 178
19 602
404 724
919 247
581 500
49 675
363 15
918 309
761 144
120 776
410 84
374 653
446 782
896 787
201 73
827 781
899 392
120 887
619 111
107 403
288 791
572 80
724 226
72 841
897 872
989 130
607 599
150 380
906 758
671 970
540 702
487 725
956 444
694 232
571 95
721 718
45 268
29 647
637 466
287 723
833 558
771 670
647 115
580 22
393 836
525 915
565 742
220 849
786 661
894 370
295 687
133 778
940 142
543 307
30 386
893 170
479 36
530 481
3 966
522 122
299 431
787 370
76 219
612 485
80 30
557 548
318 104
692 317
358 793
626 9
578 420
63 316
1000 494
787 80
518 288
514 847
461 964
791 665
646 388
649 160
360 619
126 642
90 302
540 14
209 890
142 342
553 429
443 725
100 740
88 228
198 25
297 376
525 128
657 8
676 316
839 800
370 773
261 946
488 781
995 766
373 190
47 317
140 113
32 618
714 90
739 186
261 963
98 743
26 120
374 536
487 283
554 690
149 894
64 682
111 19
174 291
103 203
710 817
383 683
956 465
560 906
323 820
461 997
823 99
182 105
233 71
31 412
146 950
823 912
846 51
573 713
480 760
121 762
195 159
656 667
107 955
129 829
579 293
238 626
742 802
599 943
830 854
626 843
355 803
254 747
785 650
555 218
186 523
333 744
760 620
815 612
427 367
582 997
363 621
949 494
436 215
809 603
293 330
260 389
655 265
726 240
394 719
52 999
806 184
169 837
725 425
728 323
446 650
322 492
398 809
610 891
358 821
174 800
8 163
657 202
273 222
257 367
969 345
571 765
404 652
443 878
192 174
273 483
760 417
111 49
653 64
675 664
583 259
235 145
379 69
222 236
225 155
192 332
46 411
374 612
927 502
766 298
272 308
183 6
573 410
496 978
171 966
614 366
990 43
373 436
979 541
275 996
998 936
556 435
589 203
536 976
858 342
25 190
281 292
817 170
11 127
719 125
7 115
992 432
320 937
797 729
836 479
340 880
553 10
722 376
814 600
603 391
370 966
987 100
436 195
219 414
94 798
720 345
672 774
429 51
376 691
582 807
125 968
219 271
976 130
365 695
887 635
363 696
91 841
60 760
77 822
463 749
669 82
692 501
379 50
838 570
985 406
422 221
727 23
731 551
715 154
199 5
19 355
226 933
230 997
302 502
736 890
808 407
790 539
294 874
758 399
995 971
728 206
268 273
76 837
397 115
970 183
753 781
130 302
826 947
903 681
729 292
557 395
356 917
586 502
35 324
988 422
805 168
537 522
990 364
738 157
155 540
224 217
59 203
478 531
533 554
245 300
983 594
286 486
841 109
257 236
277 225
278 794
318 983
390 320
139 192
987 388
749 797
419 336
457 997
352 157
301 812
405 423
267 100
399 419
220 412
573 640
872 595
620 669
569 597
822 97
246 823
154 673
886 623
603 370
142 626
555 503
367 189
205 50
543 350
301 607
252 243
915 799
417 505
848 266
276 867
370 66
208 105
155 914
999 414
142 652
399 103
113 812
475 645
152 672
113 96
360 195
697 68
368 766
424 544
902 789
906 472
302 705
985 321
511 766
683 134
797 146
428 795
919 419
706 428
598 102
126 871
291 654
858 740
311 723
772 71
207 482
78 926
908 519
411 249
236 114
53 676
762 998
84 206
984 84
339 444
752 16
127 232
883 838
535 337
645 497
631 776
800 358
767 472
184 651
701 954
994 164
706 528
250 404
639 146
508 880
92 9
202 275
528 431
33 775
418 731
645 804
317 659
878 279
939 410
279 603
175 666
519 257
477 478
194 724
414 49
897 9
497 557
330 882
342 728
214 386
159 263
166 212
849 161
355 552
651 119
211 972
285 429
287 611
898 516
848 359
684 245
902 68
635 609
232 204
109 378
343 407
78 399
753 431
806 435
770 279
347 442
919 880
134 508
427 258
998 767
548 826
866 214
699 702
431 315
986 142
90 379
843 779
881 92
38 235
837 754
226 779
583 837
606 510
221 516
458 374
596 560
358 914
266 22
449 153
378 33
217 229
280 124
395 326
710 475
931 492
312 638
973 887
524 539
567 663
761 194
639 289
143 984
685 441
758 145
192 242
178 445
16 32
2 79
615 582
687 268
144 388
455 824
525 362
67 94
361 511
400 685
935 919
97 935
352 214
171 618
153 491
618 145
453 440
93 833
48 78
216 992
454 408
806 787
384 64
242 780
613 491
465 926
898 616
319 144
841 656
520 166
81 27
593 784
279 946
854 638
824 573
825 868
309 59
350 713
775 306
815 769
765 386
142 725
164 949
916 388
540 568
985 671
831 877
562 303
389 149
52 113
391 484
419 898
706 242
262 572
247 22
511 653
38 988
260 21
325 585
397 364
888 795
213 132
568 493
353 68
897 413
334 936
201 669
668 88
523 839
636 964
325 875
866 836
226 224
924 353
315 182
268 509
640 808
737 724
46 430
663 196
386 912
743 282
253 995
306 155
783 607
515 981
325 22
666 331
724 69
249 931
68 417
819 363
197 67
288 737
160 879
477 243
334 356
322 960
628 264
576 483
542 728
779 262
513 502
788 568
611 683
831 762
380 704
492 906
110 553
149 115
798 256
458 921
241 543
613 271
318 741
444 385
987 246
493 385
827 353
299 200
615 454
768 113
720 346
593 236
756 680
280 267
894 538
509 616
534 987
613 114
533 941
480 48
164 824
754 8
772 703
95 768
118 419
523 423
640 345
274 59
592 66
185 364
539 589
65 198
549 572
289 414
678 912
576 758
173 856
402 80
946 472
636 889
585 761
235 816
182 857
911 963
166 294
776 246
995 970
697 772
52 649
861 909
455 700
829 111
904 794
835 802
69 330
914 431
678 348
562 509
317 424
612 825
883 651
684 936
921 362
888 755
101 714
838 161
162 606
782 184
936 169
758 619
828 399
903 479
42 996
292 860
3 387
921 132
542 564
10 493
762 502
671 976
379 710
896 454
469 932
698 862
719 964
315 258
230 147
124 626
615 205
695 127
54 109
71 961
737 301
422 961
719 885
435 114
552 646
789 103
224 823
613 291
394 241
971 745
988 777
699 838
853 109
367 188
168 798
578 525
209 182
727 172
510 684
114 237
21 687
774 39
25 548
601 709
237 241
937 715
560 366
228 500
52 186
882 121
403 464
578 251
61 692
562 891
869 333
543 524
90 958
270 96
921 1000
895 594
270 19
825 344
93 387
795 880
613 729
815 381
853 170
19 382
863 1
39 579
722 963
675 791
433 608
195 833
986 636
60 193
755 103
905 498
987 950
470 808
933 36
460 762
338 430
212 107
179 866
735 889
313 1000
867 433
575 960
731 187
49 306
97 46
460 984
671 662
490 23
54 700
36 159
757 499
741 990
816 491
619 33
407 528
600 306
128 941
606 776
148 416
723 44
45 104
401 685
690 287
763 831
430 994
775 922
250 841
625 930
736 16
519 401
104 925
335 592
600 770
451 79
915 604
862 835
276 34
816 55
216 803
467 988
310 769
530 807
828 838
777 940
998 402
964 262
937 662
646 62
519 196
12 685
319 930
878 183
359 583
351 349
584 640
802 331
735 507
275 185
501 529
820 155
859 439
826 564
332 269
189 372
670 509
764 264
861 674
336 21
425 6
192 823
429 566
821 992
550 230
588 941
593 513
479 364
407 3
705 579
50 316
311 423
406 216
652 545
763 302
899 415
819 112
538 392
21 543
728 54
221 455
741 784
334 670
429 250
47 319
913 821
880 800
662 1000
330 321
546 881
250 536
141 407
14 991
1 268
275 861
519 582
442 246
25 390
832 818
528 27
358 2
242 555
520 719
79 364
686 188
818 238
231 865
823 125
534 496
710 928
43 439
963 358
266 154
621 894
234 278
253 26
751 271
698 249
96 347
78 95
832 591
304 269
401 344
30 653
2 995
814 578
727 231
630 733
976 777
370 56
132 412
464 61
953 656
581 622
512 107
578 740
461 288
63 124
696 871
38 810
259 555
556 819
691 587
228 396
114 279
725 341
161 718
949 285
678 885
99 6
801 286
251 323
716 14
859 436
902 922
347 724
596 597
373 860
744 832
303 1
36 652
170 694
924 499
374 446
749 354
464 398
889 997
460 691
819 76
72 711
435 343
576 855
60 120
779 970
31 405
196 616
143 831
165 723
131 991
25 320
248 375
536 998
992 886
629 79
903 506
282 448
620 774
982 869
966 286
144 481
201 144
93 898
331 789
775 828
211 331
569 861
343 350
733 82
438 118
132 933
206 210
443 300
67 338
988 922
499 875
528 224
341 730
234 266
253 62
660 354
418 85
510 471
152 57
426 440
337 3
193 918
345 520
419 613
479 957
686 549
724 728
565 732
712 160
604 886
57 493
976 245
650 122
372 690
479 737
746 387
778 390
838 798
803 553
368 724
669 80
566 472
18 162
717 868
593 286
227 265
907 980
450 793
643 570
825 323
900 171
355 396
770 574
834 179
322 351
349 814
40 916
517 430
477 737
922 542
227 454
984 203
681 791
753 946
683 971
540 112
237 522
302 359
468 75
734 426
202 27
350 403
958 976
430 761
106 959
235 81
970 4
226 372
154 457
295 583
945 450
801 870
921 361
426 969
654 389
857 575
235 383
187 682
741 953
154 235
31 163
89 982
909 452
182 309
353 857
121 485
713 41
269 635
219 816
846 335
978 63
919 240
326 94
676 778
550 807
755 787
862 981
359 691
334 146
391 825
859 881
822 103
509 952
100 331
979 584
216 840
124 337
252 158
552 534
367 191
45 766
854 679
566 229
860 460
424 772
955 544
355 748
871 648
470 47
537 635
590 239
341 818
554 325
627 265
169 993
673 49
834 904
843 865
436 137
274 28
371 695
648 785
904 251
557 735
100 798
165 805
507 884
894 540
826 640
316 854
613 728
28 66
584 978
577 191
668 18
555 174
50 281
269 249
911 702
736 792
865 612
972 440
350 508
523 910
140 362
896 968
678 238
628 909
849 936
169 462
717 216
101 779
796 893
378 860
508 771
808 147
37 335
259 221
724 15
317 975
619 211
804 423
705 430
759 300
746 722
799 364
235 347
546 874
297 588
339 329
802 563
324 147
257 206
242 516
900 880
449 870
379 741
397 626
660 452
789 152
348 184
946 727
686 272
926 259
897 15
93 748
686 13
898 7
337 58
135 395
232 272
822 67
344 551
684 96
189 862
778 237
689 318
428 294
466 625
750 673
368 943
366 174
668 748
81 78
9 313
194 871
655 918
68 860
91 149
20 159
169 547
670 177
929 105
33 28
143 211
915 170
932 884
679 214
904 441
668 434
692 312
877 772
113 95
518 404
497 504
596 860
184 254
421 255
204 193
482 304
374 177
359 551
624 700
152 971
320 381
853 77
907 877
503 452
217 235
1 982
308 726
136 351
725 3
174 763
517 375
226 218
634 207
706 336
908 948
343 881
549 934
736 659
843 329
991 337
286 755
987 770
163 324
862 454
683 800
723 892
836 549
909 175
197 109
806 240
99 41
828 449
900 566
225 124
310 311
222 579
588 70
505 589
567 853
900 852
996 641
7 386
945 69
510 297
591 192
349 757
206 102
23 628
651 183
708 428
233 68
766 126
381 196
241 625
132 736
278 546
67 461
985 850
555 416
348 418
671 350
33 478
52 430
24 135
47 757
214 142
572 421
734 849
4 728
272 964
133 507
741 248
892 116
615 299
422 519
801 172
616 406
319 564
412 506
871 844
507 828
167 799
772 394
97 568
407 177
891 914
633 751
359 728
112 27
38 503
776 220
596 453
523 889
835 699
729 92
527 785
291 985
2 412
31 539
253 663
144 181
37 182
311 315
938 579
445 692
412 958
948 536
328 417
678 385
150 110
376 429
504 226
214 925
912 57
220 230
921 317
79 45
28 765
231 934
127 785
342 658
405 5
707 669
558 420
524 204
673 654
840 137
993 893
998 238
958 914
181 256
536 305
607 846
828 553
133 685
299 189
711 880
413 173
361 132
519 891
38 538
507 683
261 265
851 617
524 385
817 393
342 364
843 277
493 272
12 692
264 762
211 887
621 532
331 749
864 603
60 772
955 628
651 671
411 722
525 828
547 606
451 681
113 918
132 280
5 22
569 107
111 500
920 763
697 175
961 273
450 790
18 50
666 838
475 935
948 184
967 108
456 854
843 520
298 469
86 412
714 989
697 745
867 185
743 602
174 819
585 584
602 694
469 509
435 261
718 812
826 958
4 278
903 682
795 37
745 882
284 369
88 223
141 107
532 780
502 494
88 334
966 89
453 58
476 205
847 494
940 572
447 988
927 326
340 364
433 6
610 350
451 202
504 109
124 942
569 783
287 52
509 228
697 67
581 80
806 495
509 85
629 836
82 9
931 206
2 710
43 510
776 993
524 327
858 521
380 853
591 297
902 460
190 498
817 292
512 310
731 186
129 890
349 991
65 612
138 248
376 611
586 762
551 892
220 556
445 625
981 559
836 358
509 522
955 656
902 889
281 833
638 569
91 854
147 104
76 2
726 204
303 373
659 5
570 936
242 593
815 398
528 824
768 411
195 596
596 543
535 652
293 97
613 552
675 793
40 768
442 668
689 253
677 92
92 556
682 806
84 415
39 931
652 398
265 994
230 223
329 183
974 545
791 53
424 157
408 514
406 29
196 673
538 340
280 636
761 5
923 274
361 103
102 142
875 906
750 874
417 534
400 836
46 122
295 401
187 140
426 716
119 841
907 151
1 192
65 62
955 181
426 494
392 594
149 282
298 676
706 491
394 147
713 320
414 214
896 113
751 203
835 100
394 354
125 796
916 483
993 752
613 39
635 979
194 151
46 876
450 13
17 630
551 241
29 699
612 481
975 817
929 610
913 632
327 486
40 672
460 197
14 212
324 788
804 501
627 661
900 221
283 16
593 603
557 706
145 60
880 279
426 444
388 408
503 455
464 913
74 293
347 891
647 870
555 393
127 312
917 848
956 826
593 912
743 610
565 469
66 560
293 151
786 281
993 545
271 820
49 707
984 418
982 637
415 276
516 321
405 270
207 150
524 884
887 560
930 25
84 963
856 156
639 179
520 915
249 885
256 200
404 953
956 382
472 732
304 253
50 977
380 584
415 219
524 388
241 790
166 955
49 143
413 934
487 757
262 213
931 134
668 979
10 133
590 56
257 577
8 958
617 126
944 154
525 947
103 651
967 694
966 783
803 746
313 61
958 911
136 471
627 418
989 727
461 478
892 6
103 873
114 386
232 1
577 371
346 849
954 528
537 599
80 141
617 442
756 779
939 349
958 459
24 764
424 281
629 445
498 662
100 934
822 927
187 554
959 628
467 266
805 835
322 539
557 477
770 999
826 923
421 325
154 320
300 944
908 857
947 133
841 394
696 387
572 302
540 268
282 44
853 307
675 527
253 519
862 419
224 371
831 944
368 699
913 791
741 899
407 741
374 632
896 590
148 491
587 112
317 728
301 179
469 909
628 442
591 54
226 722
858 643
435 898
591 167
722 82
443 415
561 80
980 622
250 911
533 218
495 99
104 788
530 816
693 484
181 176
275 860
370 203
196 567
30 79
323 195
471 331
414 593
266 353
747 856
786 616
569 392
570 179
57 92
419 837
855 150
380 246
972 978
847 778
630 658
186 555
209 506
877 971
968 633
274 54
347 532
66 180
634 684
507 874
513 627
184 183
648 198
646 433
5 311
27 259
433 744
184 294
173 742
929 604
969 543
1 797
398 777
754 459
294 878
80 550
277 39
446 565
368 225
706 17
379 791
487 232
783 527
108 382
827 631
921 510
297 436
525 321
173 281
410 125
782 717
785 159
823 483
914 573
178 918
457 62
149 720
352 452
855 944
176 688
779 633
649 725
141 332
496 24
418 691
862 302
701 884
7 295
153 433
712 691
324 185
236 605
167 605
410 398
490 993
585 20
767 868
35 55
71 813
2 852
849 415
570 263
785 731
381 26
400 519
664 980
811 615
958 666
150 439
262 157
29 702
837 263
305 446
131 379
347 7
355 560
101 28
489 314
95 562
124 450
689 403
860 462
314 422
243 500
981 558
176 395
108 974
492 429
616 120
161 426
129 692
65 822
30 724
971 310
886 903
578 460
229 636
126 792
916 524
830 206
668 253
56 533
778 621
32 135
642 996
250 119
491 282
240 26
38 429
956 672
957 217
407 248
507 596
127 263
147 551
135 658
641 777
911 553
974 695
538 290
79 648
417 715
847 461
888 274
5 880
154 90
912 2
510 81
616 912
470 675
684 685
962 779
709 14
442 51
228 960
64 609
822 470
77 293
974 13
315 656
465 3
229 506
380 890
538 696
560 80
890 955
105 181
158 73
531 561
859 972
698 450
726 635
299 21
600 992
146 683
255 860
994 988
491 202
124 85
986 104
125 908
492 401
110 32
611 295
511 135
216 499
164 883
365 46
118 494
941 785
235 590
911 73
180 197
669 903
908 705
601 881
963 630
820 21
549 753
397 324
396 83
539 423
244 679
2 273
902 535
263 971
570 687
899 815
421 479
93 200
601 19
992 656
809 62
539 197
387 80
136 720
213 974
676 426
252 804
878 789
576 846
98 414
800 390
678 411
917 561
59 297
131 996
480 194
154 15
782 645
783 756
400 899
608 436
148 609
221 117
847 417
6 643
478 604
575 886
637 589
68 472
535 196
774 644
444 587
549 504
163 53
789 329
610 267
573 482
885 304
850 862
301 223
33 513
864 117
684 288
478 777
262 202
620 594
167 843
354 846
561 132
708 61
544 705
141 856
687 315
371 837
9 458
836 409
33 476
380 13
21 371
746 426
968 864
794 804
897 781
156 269
527 302
964 500
219 343
868 104
199 975
195 734
952 67
455 144
57 801
773 59
318 152
321 148
322 199
69 784
830 55
528 769
781 625
428 991
825 405
778 549
486 584
51 221
805 460
899 779
847 577
114 583
726 838
145 497
221 262
187 666
848 560
5 517
64 207
597 987
502 273
895 218
291 936
828 129
444 154
672 381
163 354
343 285
738 242
814 199
957 709
871 3
239 437
365 922
538 60
278 883
302 403
780 209
175 745
931 71
434 533
20 499
973 74
362 819
791 702
718 172
535 340
958 767
676 864
385 281
115 6
336 297
996 647
375 968
826 869
267 861
486 419
767 566
438 262
186 359
114 531
279 978
379 378
587 817
733 531
719 652
774 63
284 303
537 43
327 651
294 128
898 891
200 137
925 82
963 899
51 916
203 790
21 617
622 119
133 240
545 208
334 942
361 809
735 333
892 376
695 927
166 203
648 86
939 457
869 920
28 232
947 962
431 221
179 108
291 614
294 879
540 115
523 871
528 523
965 746
238 696
41 156
4 272
832 177
770 998
853 357
108 220
537 924
776 472
961 972
176 516
598 539
119 536
673 381
131 828
260 728
466 437
339 193
554 740
496 612
595 496
888 358
811 209
816 962
72 851
239 457
991 990
706 858
598 852
841 993
326 619
989 297
715 793
831 619
45 290
90 957
261 474
742 141
814 526
466 904
341 620
362 713
803 739
955 436
834 703
161 79
513 914
402 819
845 29
82 587
408 752
791 40
692 295
660 837
865 957
132 254
8 292
372 951
247 37
75 508
665 681
316 994
911 997
878 360
809 807
316 941
518 713
78 880
961 108
265 693
847 904
259 403
445 420
850 474
880 459
221 733
973 846
65 369
374 435
838 340
343 878
683 697
44 713
896 890
291 864
878 932
257 944
209 339
487 412
205 939
776 579
638 451
213 764
838 774
257 850
349 460
452 879
229 263
106 82
414 427
44 436
917 464
741 700
978 30
105 142
383 915
613 498
819 867
660 293
698 80
38 721
24 63
802 242
142 595
767 718
655 915
233 792
453 771
256 321
167 21
958 864
464 484
764 183
582 864
289 143
57 155
294 152
777 178
441 718
983 260
968 547
147 902
703 133
192 621
464 258
906 505
735 372
94 388
647 578
32 53
490 913
587 261
880 265
482 109
209 739
925 685
1 811
678 47
860 902
204 930
227 259
985 243
515 734
843 253
957 109
887 748
144 844
416 545
115 723
615 678
282 214
218 453
982 627
448 114
383 482
388 466
831 926
633 899
540 345
923 323
545 693
827 815
520 917
559 348
766 304
412 891
606 655
23 915
541 978
586 237
917 387
224 38
480 400
962 876
48 244
358 401
567 199
971 966
609 437
811 529
462 403
491 365
614 49
346 71
524 265
478 89
121 764
693 398
73 609
129 823
722 142
461 250
564 669
251 682
252 193
9 346
262 900
431 535
512 111
523 289
858 144
414 978
588 265
699 608
928 849
521 320
595 691
797 51
68 593
161 337
411 595
274 208
368 315
646 312
136 177
172 695
771 586
849 704
757 672
114 354
539 268
688 733
781 624
977 417
801 274
397 359
550 183
256 873
593 720
209 63
299 589
680 748
202 144
75 226
582 90
958 299
504 920
892 571
363 175
18 894
807 514
747 571
316 127
305 492
598 397
106 583
587 156
295 915
424 200
463 105
856 203
473 701
432 322
748 312
256 82
93 109
577 672
63 661
814 55
102 197
16 144
514 179
804 245
236 635
2 991
19 999
280 805
903 263
447 667
323 649
380 622
987 446
976 685
906 648
467 134
273 366
9 365
111 863
519 324
747 431
289 779
822 415
911 629
873 85
158 119
395 355
989 535
738 793
744 454
693 275
34 912
162 221
63 15
444 912
637 246
621 529
916 704
826 295
958 824
225 916
669 187
817 616
433 947
108 635
849 965
53 150
863 741
905 29
941 967
48 570
322 185
780 746
913 506
677 609
234 861
290 603
86 191
775 367
759 421
834 28
972 178
683 801
242 467
354 249
636 775
491 304
933 809
942 601
635 473
583 921
227 624
740 172
917 805
554 161
312 588
166 347
95 195
135 680
783 408
217 337
952 924
183 700
496 296
95 336
903 679
9 637
601 507
452 579
462 932
456 646
218 813
990 199
3 91
611 782
98 327
61 305
69 198
394 396
813 711
325 27
979 183
488 646
539 763
310 323
457 141
439 101
595 499
888 359
979 16
175 543
107 317
76 772
771 892
486 933
793 980
457 158
395 80
607 649
665 146
774 476
46 667
453 635
662 353
774 367
479 767
745 237
410 686
485 42
184 999
675 246
384 597
203 745
836 67
413 142
90 813
107 889
278 945
314 309
703 829
135 321
701 111
789 587
896 7
183 659
60 589
475 874
793 385
431 719
380 165
769 696
238 63
593 92
106 216
61 606
854 389
394 431
864 697
877 935
971 347
762 556
318 198
356 285
344 381
747 167
790 870
539 556
26 649
712 211
572 941
375 384
565 240
548 994
369 879
953 740
13 782
855 523
203 480
222 412
705 102
136 119
302 276
505 136
64 764
765 890
622 733
291 517
832 367
356 490
744 555
788 712
24 823
520 156
475 128
762 83
502 350
990 163
495 515
921 472
723 868
245 488
131 635
999 179
26 486
771 186
867 517
351 764
871 501
486 93
116 490
304 212
200 923
115 818
478 640
617 724
998 75
586 857
558 483
816 206
357 51
765 150
361 176
185 130
337 79
465 146
159 377
432 805
399 163
350 727
920 122
115 366
929 252
413 3
329 984
393 721
630 259
155 628
47 578
152 254
357 358
750 391
163 693
886 711
804 607
604 600
808 793
551 67
19 82
306 862
310 727
128 930
350 60
243 752
820 96
786 848
994 687
208 760
583 835
217 126
312 806
477 692
251 299
143 659
865 555
632 990
377 497
51 112
199 856
883 955
593 917
541 621
362 502
571 726
735 971
349 156
187 737
829 146
597 950
836 658
453 110
948 573
741 795
558 835
805 115
856 159
784 760
349 446
741 876
512 774
54 669
149 903
851 21
10 479
463 347
654 752
609 91
202 531
794 511
742 409
508 487
457 935
495 219
465 476
211 656
567 119
401 884
880 737
989 385
257 456
188 672
11 217
305 452
107 944
737 473
560 126
746 281
940 361
155 931
356 96
772 562
555 322
721 94
856 963
569 482
881 272
664 458
242 202
315 890
111 210
413 265
397 644
311 962
312 996
294 20
151 629
394 758
403 380
657 469
65 109
598 49
798 535
322 372
506 9
14 38
108 325
861 641
843 954
388 383
192 872
249 361
912 625
1 822
973 644
44 876
575 720
78 984
249 218
13 167
341 298
398 931
187 668
141 281
709 767
213 992
876 96
625 288
850 596
114 807
89 547
842 35
349 84
273 484
749 541
888 733
649 641
780 493
845 721
718 609
754 870
993 38
645 725
650 961
337 442
444 506
249 790
432 466
69 3
328 131
718 400
404 856
558 57
837 14
551 172
470 745
219 811
954 298
132 930
278 736
462 125
289 665
871 258
2 766
427 887
73 691
591 337
940 47
778 222
735 512
106 333
15 661
793 315
708 162
621 639
416 482
219 407
259 876
212 499
422 585
34 768
699 542
878 458
665 610
589 756
670 141
998 558
503 68
42 390
136 223
390 354
344 354
489 927
915 87
75 466
425 167
136 174
808 672
216 348
75 419
424 361
646 436
596 519
243 857
863 627
73 751
623 506
978 835
142 358
334 474
867 189
260 789
563 148
31 618
274 761
520 225
957 404
265 970
362 462
415 344
307 323
880 143
74 90
844 554
277 423
407 804
906 258
573 213
996 912
939 919
853 865
900 522
461 748
427 548
597 576
42 997
245 678
418 912
185 907
827 52
846 336
116 181
63 905
46 664
307 62
662 358
794 678
449 959
215 144
16 554
722 196
794 713
963 178
94 218
87 90
38 570
384 957
506 538
949 156
789 835
668 564
380 166
570 850
557 568
808 731
244 712
216 538
717 178
12 435
26 871
86 99
752 587
754 185
389 888
303 230
52 934
442 838
208 684
338 759
325 523
829 427
886 164
243 930
230 952
516 75
666 632
21 412
649 636
982 762
767 368
662 740
531 345
149 289
979 352
999 861
31 991
362 290
914 397
330 196
693 505
494 947
227 596
308 819
786 451
97 32
854 622
931 803
128 564
148 575
64 326
887 846
68 374
720 845
719 49
193 791
488 897
107 292
287 933
91 300
590 774
148 285
386 406
443 363
561 12
656 280
875 684
823 900
523 992
992 384
974 16
613 496
424 14
361 183
76 414
863 979
150 705
63 864
233 909
35 486
169 661
931 445
542 214
492 541
546 13
697 143
973 202
422 336
99 677
63 27
513 670
536 809
129 661
298 228
246 980
318 227
40 148
252 64
565 162
89 153
131 412
994 684
320 451
193 75
144 529
309 135
146 67
99 97
512 776
845 469
785 138
187 514
995 955
946 365
639 456
397 35
395 821
493 570
991 463
870 660
28 321
710 365
268 464
986 717
933 450
811 32
83 307
799 553
362 262
765 286
370 829
481 124
468 386
407 876
940 512
943 969
176 861
794 213
303 540
417 581
951 384
974 803
79 197
124 978
399 706
422 801
946 802
810 979
461 773
120 121
67 658
110 532
989 367
722 106
12 480
987 370
970 620
310 197
776 957
979 662
71 729
615 475
121 883
394 179
476 47
768 108
362 527
163 626
222 419
968 867
947 657
366 700
612 306
513 841
237 179
720 147
760 628
416 20
933 977
42 50
725 351
378 362
436 334
330 713
223 6
616 226
588 194
216 240
35 788
71 82
364 984
304 883
414 342
140 457
88 938
341 440
397 502
967 228
493 653
577 122
977 704
355 372
799 751
196 944
912 385
566 818
735 921
717 702
169 504
843 360
438 524
90 221
503 890
515 986
917 594
486 163
740 839
174 101
749 81
857 549
590 557
477 204
444 507
656 51
975 382
54 894
864 310
809 475
295 576
885 352
431 91
544 357
809 87
949 707
989 194
393 636
262 282
638 251
585 461
989 371
258 661
595 164
408 58
651 214
907 32
706 609
205 437
906 1000
638 981
798 588
812 870
189 641
855 549
138 193
51 672
641 254
825 905
901 292
578 595
523 254
618 688
254 814
986 444
843 541
189 48
137 24
636 460
358 846
345 349
919 689
976 9
523 476
797 21
838 931
305 595
949 458
540 3
312 897
60 615
777 89
781 513
450 787
17 348
294 896
134 729
446 618
688 220
144 601
696 214
454 186
695 920
899 987
443 567
460 495
303 35
52 737
164 507
166 320
293 217
758 391
139 687
892 601
204 491
694 336
540 253
282 157
560 903
672 301
625 451
643 252
737 777
705 299
687 239
545 642
164 324
535 43
821 952
945 341
931 774
811 797
686 28
923 442
182 682
836 905
249 817
126 233
111 671
629 222
134 2
228 601
173 72
637 739
12 330
865 68
167 558
614 157
7 449
484 434
565 806
188 762
898 746
525 533
267 237
663 180
276 21
465 180
285 449
768 933
197 757
608 164
756 695
543 727
376 727
765 323
133 842
493 128
461 482
785 206
273 692
498 873
484 978
262 620
156 231
359 936
443 939
308 474
336 47
930 589
570 548
937 383
764 338
912 555
711 181
182 909
329 463
844 282
807 742
734 721
195 838
142 323
866 145
829 27
723 520
500 407
869 778
306 120
808 266
700 296
921 557
653 990
430 41
906 349
114 876
425 751
600 27
72 916
197 184
606 977
572 65
168 135
425 629
785 264
415 93
803 559
610 383
6 554
559 298
136 884
653 273
758 796
555 783
223 917
727 517
158 768
660 450
259 525
935 632
186 567
634 587
546 441
175 787
748 712
381 58
660 382
639 11
449 922
64 365
267 777
659 763
841 764
698 95
203 663
14 938
464 185
110 831
409 584
195 59
188 810
367 217
320 792
289 19
218 107
626 860
258 360
525 459
566 376
548 723
454 710
20 276
421 698
298 82
982 232
964 547
638 606
587 728
640 309
660 868
111 442
385 770
62 26
798 686
61 834
890 490
356 386
606 486
205 655
464 547
109 19
213 232
624 769
930 704
606 369
588 932
851 229
942 663
875 400
307 412
143 983
903 856
173 443
619 919
675 905
639 344
896 938
967 337
423 585
923 215
139 580
258 74
891 33
357 512
638 403
909 169
413 957
188 894
61 488
909 826
254 491
456 446
867 688
172 298
317 719
690 427
837 40
521 943
561 478
210 4
926 726
89 66
879 722
572 826
385 128
336 690
233 78
551 360
239 224
499 143
745 171
854 519
432 884
470 796
672 179
592 530
651 907
380 9
879 33
574 529
212 818
64 954
733 700
238 10
240 427
388 805
805 450
63 11
129 583
920 886
190 120
143 418
472 485
463 641
137 221
854 50
35 902
604 685
844 124
222 312
973 416
185 858
706 125
319 562
325 561
364 985
408 899
531 199
50 328
568 501
821 973
588 968
437 980
792 765
795 174
340 1
910 141
970 152
109 956
754 563
764 954
818 980
473 529
537 900
844 512
135 641
266 658
28 469
624 154
788 883
390 220
718 756
465 626
374 706
366 722
382 573
278 900
62 831
228 678
192 500
968 373
11 25
327 835
733 220
598 431
137 579
998 224
266 185
561 164
524 296
637 401
103 597
517 561
699 818
42 723
964 310
930 98
767 643
620 8
114 193
43 199
660 131
289 219
746 524
209 364
651 661
691 992
748 663
215 818
74 930
833 439
744 118
503 247
530 497
969 855
826 516
20 435
612 53
117 625
136 80
726 21
198 402
574 73
229 724
531 745
743 338
121 199
631 25
43 528
818 103
812 297
572 489
279 21
62 415
892 602
683 593
80 682
468 193
519 848
386 76
574 389
460 861
889 437
652 375
980 100
982 958
162 999
183 863
934 573
558 889
118 688
656 129
179 556
788 902
274 808
611 529
25 470
706 807
548 6
107 318
833 699
127 819
720 867
650 626
34 271
755 875
721 591
993 802
249 530
585 488
625 927
384 145
439 949
612 427
758 669
738 867
896 252
346 303
917 154
24 39
872 814
557 484
928 717
12 568
848 372
301 2
878 457
263 393
447 124
728 643
851 760
835 31
118 519
185 438
683 467
38 885
521 157
229 534
514 974
821 242
659 11
881 431
375 570
849 514
513 523
891 114
123 492
251 147
35 862
786 250
753 117
765 617
625 51
643 428
248 119
169 21
945 55
911 647
238 745
296 144
839 509
97 760
438 602
593 831
174 960
456 677
638 169
844 584
575 968
942 453
357 747
841 214
811 714
753 514
457 221
439 854
978 361
926 985
250 524
3 342
53 105
724 244
663 347
685 255
780 149
932 296
127 676
850 81
516 892
175 786
859 805
832 635
673 569
646 788
246 872
410 816
638 786
215 39
107 870
203 615
829 807
594 364
208 191
975 537
924 541
255 358
380 85
91 234
705 618
63 64
907 678
569 459
327 335
953 100
313 261
96 755
907 567
643 861
307 354
958 70
890 632
125 17
52 21
751 661
956 611
77 582
890 491
684 139
514 837
808 570
294 969
23 261
632 882
942 549
101 253
442 715
79 530
669 676
433 388
469 462
640 982
715 42
5 556
275 269
961 878
912 310
16 379
640 837
724 651
753 716
645 321
297 358
5 957
923 214
746 543
567 543
770 831
810 556
941 330
939 832
634 424
373 132
214 904
110 841
649 763
796 638
379 952
841 67
128 530
516 621
380 582
92 114
129 504
293 878
6 934
784 739
746 373
196 48
396 690
733 247
522 448
542 903
72 754
548 316
197 938
435 989
55 284
556 231
663 605
569 660
38 753
815 923
372 567
55 525
802 18
659 391
287 590
605 403
220 611
224 614
8 563
229 251
413 484
342 458
77 951
389 11
281 658
156 266
998 513
857 435
431 640
159 657
739 947
591 690
498 863
595 695
322 81
30 646
752 518
74 542
950 599
893 339
155 371
275 491
85 254
303 299
772 482
41 376
994 334
850 503
553 725
660 607
810 204
369 820
408 900
80 417
390 594
52 783
255 256
574 140
138 648
834 329
329 279
847 765
614 728
412 970
407 940
675 932
291 943
199 718
202 126
443 888
875 157
179 930
623 935
168 177
488 686
340 343
783 727
833 834
741 909
79 42
617 631
420 970
49 451
430 832
55 45
202 675
989 849
483 221
145 961
514 244
538 936
638 249
306 724
519 320
703 551
558 286
742 11
279 779
929 494
486 469
90 930
298 727
405 849
270 593
589 269
627 102
628 213
430 839
828 919
337 916
724 736
121 781
380 46
265 472
405 563
561 901
891 410
449 355
86 888
158 277
180 501
56 827
479 859
831 54
190 980
855 172
695 583
972 968
683 7
186 565
170 94
212 565
857 312
237 38
618 432
695 869
916 630
352 815
702 3
463 533
961 52
191 619
288 346
308 661
754 453
95 207
425 983
579 754
728 216
417 967
353 149
524 724
347 654
819 432
72 747
913 971
643 254
188 193
358 403
598 655
802 692
789 426
684 560
280 662
408 459
923 444
176 871
283 541
432 497
159 102
16 240
570 679
914 729
771 864
595 100
462 45
448 587
698 871
681 627
738 612
44 181
337 325
335 982
546 403
193 953
819 925
695 118
555 707
154 516
48 15
121 719
195 176
414 82
555 592
741 980
77 140
691 569
281 447
485 167
252 150
904 58
73 573
40 932
965 923
972 295
730 889
566 227
932 969
521 418
336 40
337 769
177 984
324 537
290 665
932 856
833 481
6 325
134 270
29 252
892 68
587 574
829 597
422 21
522 943
265 478
795 986
373 762
891 117
284 93
469 215
107 984
331 218
995 51
369 188
9 850
622 886
511 989
256 853
776 12
869 935
909 336
145 35
199 880
772 216
973 841
27 3
122 100
876 20
115 762
938 627
667 83
939 726
800 368
804 674
246 183
421 744
204 744
409 240
647 83
503 828
785 381
996 951
278 978
323 551
378 582
641 606
54 693
538 206
338 88
121 879
888 531
261 758
98 568
634 742
104 549
619 390
548 138
842 427
755 838
332 850
976 617
29 747
598 996
162 460
860 27
515 464
334 246
466 982
506 859
656 682
3 15
471 43
402 622
555 444
70 76
884 256
685 817
959 342
660 75
855 385
677 993
223 619
738 989
208 176
794 603
962 457
199 498
971 541
642 535
521 395
332 209
5 181
993 710
526 617
449 299
424 631
939 72
463 687
938 516
38 225
385 945
785 106
845 39
928 5
895 633
991 42
133 324
538 725
655 451
35 714
327 146
493 678
405 646
259 498
813 839
625 175
369 617
924 279
528 584
236 671
503 738
278 59
148 777
169 274
312 77
260 639
49 708
294 365
843 478
410 227
611 842
400 136
500 139
491 824
340 352
295 712
210 992
598 695
567 828
366 679
790 5
115 869
119 949
779 276
780 43
789 339
276 378
231 664
197 4
423 330
194 526
508 338
914 963
440 754
63 816
232 372
177 693
312 428
755 64
422 657
690 490
725 792
799 284
980 823
557 698
94 809
384 888
518 191
470 642
770 414
506 593
488 444
307 608
367 876
137 481
265 52
873 815
366 287
169 801
647 524
576 461
109 51
731 679
218 286
751 680
347 702
192 765
174 573
467 565
714 606
330 839
205 808
79 576
266 885
958 349
1000 723
507 933
571 808
678 76
94 135
429 930
855 700
514 584
17 32
554 857
477 950
325 278
64 197
743 447
579 678
156 749
141 127
277 399
671 563
886 316
600 213
56 432
602 864
439 28
277 353
225 144
7 312
637 619
230 387
876 586
538 6
701 730
949 704
650 760
490 231
789 375
292 945
187 205
764 705
370 306
99 802
499 252
44 994
189 253
694 175
107 515
324 256
841 787
36 609
100 303
102 661
986 264
949 410
589 157
772 899
378 64
498 158
910 529
379 225
507 404
826 288
540 534
142 259
263 581
383 801
73 668
215 716
668 498
282 693
89 165
679 210
493 955
440 185
114 304
460 260
27 363
262 534
90 313
787 149
521 65
226 969
655 352
503 279
969 951
101 246
933 212
682 468
739 29
151 891
710 398
981 347
47 989
293 198
723 625
351 848
355 405
255 436
957 400
559 76
126 419
531 487
554 972
810 594
963 647
406 9
980 102
553 140
460 942
339 199
267 290
201 42
438 777
684 561
443 101
686 35
193 670
159 97
966 371
76 769
97 828
663 305
371 199
637 736
818 314
443 808
323 213
941 64
31 456
162 425
290 210
786 381
703 602
764 596
712 999
148 91
831 486
464 208
582 604
185 218
42 693
851 525
926 89
302 6
57 4
1000 192
121 921
693 227
397 998
789 688
705 573
264 805
7 535
486 772
203 808
315 972
920 688
26 867
227 190
818 556
381 697
735 286
629 21
668 325
264 3
551 893
123 494
971 188
990 872
991 49
350 203
596 551
619 654
726 934
892 410
627 991
593 531
570 842
677 243
221 727
168 108
187 728
351 965
689 574
173 485
853 259
710 148
292 53
828 71
97 203
792 981
905 730
417 716
804 424
490 474
130 43
44 485
207 43
923 490
281 37
376 493
432 271
861 58
102 134
224 16
975 423
766 504
947 579
382 481
30 677
996 613
634 598
376 826
620 613
824 718
997 383
231 597
185 133
439 520
150 709
102 706
855 384
802 12
785 986
381 281
185 246
670 368
542 218
191 8
432 937
641 63
221 865
898 650
260 375
189 567
206 719
216 587
554 658
108 553
989 892
792 296
207 919
299 296
194 434
489 970
860 719
241 25
494 309
246 298
411 771
319 650
892 216
237 493
41 576
288 907
985 475
420 930
611 433
776 90
281 241
190 780
397 462
715 95
519 734
478 11
97 275
231 497
753 881
339 816
175 158
508 969
521 960
736 684
723 918
870 539
762 112
415 284
435 498
952 712
457 110
990 128
261 934
903 635
481 112
692 522
255 162
426 886
227 965
166 407
179 614
112 515
348 230
200 856
92 227
314 37
977 291
906 865
102 908
250 883
737 355
276 89
81 435
154 637
159 492
111 39
387 807
977 461
850 853
100 308
137 262
449 532
141 930
366 83
629 727
835 72
998 436
637 236
787 301
715 331
904 463
371 616
670 154
854 343
88 626
659 359
184 69
592 962
902 825
150 609
610 698
440 158
596 889
337 618
621 474
217 44
756 787
960 580
243 832
523 658
907 819
123 406
506 18
967 131
753 51
809 865
41 399
942 583
639 539
30 817
623 594
754 479
520 123
630 330
796 152
744 729
910 144
535 317
347 972
421 333
522 462
501 63
931 560
718 840
866 967
374 342
676 324
571 614
735 699
857 971
316 347
634 458
417 756
861 241
231 985
912 65
144 475
819 121
657 118
633 131
120 42
926 678
721 809
239 291
797 907
391 958
358 439
875 731
769 234
54 924
367 463
8 868
261 606
736 923
390 114
33 663
430 659
91 409
733 842
383 849
280 120
742 152
937 826
771 449
595 902
814 316
251 844
141 966
570 200
282 794
994 812
495 329
405 561
264 699
781 970
859 186
401 518
702 340
13 689
68 556
161 390
803 979
722 545
834 999
801 214
930 434
53 257
536 869
692 104
42 165
999 705
122 151
19 367
38 441
347 557
95 184
557 915
66 942
505 246
141 228
342 515
435 159
202 190
524 583
3 48
386 984
95 350
410 504
174 939
675 578
443 597
783 535
914 418
934 929
780 480
442 483
98 321
226 266
46 225
943 861
486 984
820 831
205 896
170 837
876 359
180 414
700 213
353 998
779 718
46 451
819 705
804 107
494 742
961 656
710 885
15 929
287 972
589 636
320 336
206 52
137 531
413 870
922 113
811 607
103 967
104 745
582 450
608 201
370 148
284 612
402 667
511 566
773 440
21 323
27 472
626 820
989 742
336 42
246 557
851 765
284 266
423 849
320 734
781 895
911 204
52 61
808 803
346 878
221 786
459 133
886 620
812 647
959 240
952 3
835 318
229 531
251 39
911 125
365 211
167 477
691 671
804 902
80 476
869 596
593 530
425 928
9 673
160 307
435 251
277 740
467 202
50 414
126 589
12 546
7 504
871 433
598 463
467 187
914 390
255 56
827 939
449 621
960 72
393 394
487 405
932 230
370 869
745 631
296 374
571 287
737 11
420 289
594 916
514 117
239 490
978 390
873 356
67 701
965 156
180 964
185 938
665 112
685 13
872 556
979 784
339 433
585 393
695 84
789 31
2 675
115 86
465 123
566 733
555 446
497 938
3 791
817 383
72 306
57 450
603 660
294 433
25 924
907 330
86 823
930 169
860 426
115 299
882 174
938 364
820 840
90 45
254 760
310 574
47 569
414 520
476 949
688 601
356 319
98 74
912 877
711 375
144 647
218 312
184 136
386 604
739 886
665 895
652 871
605 769
367 58
869 623
26 614
139 781
194 336
565 335
605 690
218 602
692 840
960 263
83 728
122 62
930 847
368 210
259 5
925 968
330 146
629 350
683 666
500 358
620 119
107 76
861 891
164 29
723 774
232 188
123 934
552 126
787 761
244 146
173 234
359 195
783 877
642 403
382 32
3 439
477 276
685 335
614 383
119 951
27 557
102 163
73 447
206 253
177 457
305 284
487 748
606 610
409 782
673 617
211 662
361 5
92 147
112 881
756 442
354 838
171 260
228 883
610 64
416 509
893 127
675 180
593 248
806 670
368 886
168 818
479 578
997 1
424 823
155 953
925 213
656 950
489 960
299 390
707 5
428 546
359 782
820 812
803 566
697 31
755 273
721 225
260 507
333 667
318 49
644 812
487 34
750 20
255 606
384 567
702 400
578 413
774 13
670 437
450 776
865 879
544 388
598 75
455 430
882 662
369 809
26 634
299 578
50 324
622 812
861 524
273 35
936 381
611 61
369 954
761 392
411 189
821 634
791 918
62 630
943 203
212 71
784 704
732 654
70 45
643 135
349 250
26 143
303 696
322 818
79 902
874 474
838 782
755 629
945 189
486 31
55 46
849 537
331 782
945 14
840 292
362 936
148 355
77 387
166 988
889 985
537 117
243 84
116 206
68 105
381 728
90 929
396 544
38 641
811 899
651 387
686 449
489 325
63 273
883 21
82 716
86 780
712 171
551 850
54 302
186 734
370 83
133 949
617 474
151 689
647 332
523 322
53 267
856 933
798 968
123 230
291 48
401 406
476 974
482 298
744 122
485 580
587 740
813 54
425 169
806 209
934 26
937 262
612 128
8 110
235 558
240 247
347 781
777 318
100 579
504 588
175 115
450 526
970 297
697 759
718 907
299 831
433 449
931 606
452 5
495 647
791 954
773 731
353 170
65 286
16 326
821 719
40 76
64 82
395 794
396 49
624 186
182 486
934 561
56 455
80 972
482 592
466 429
984 274
420 270
404 907
409 59
144 638
548 2
879 560
283 139
810 773
427 683
358 449
231 845
80 459
788 736
236 997
349 642
888 76
854 865
570 280
36 476
860 57
867 938
814 679
859 842
436 475
789 107
20 352
24 43
419 293
561 196
256 833
325 999
234 484
876 955
203 639
479 922
946 989
467 519
314 431
742 999
893 265
531 762
6 312
195 753
323 452
289 340
351 791
720 80
481 972
83 880
69 845
363 544
345 45
734 561
511 760
442 977
673 573
950 46
945 816
35 834
364 910
352 974
648 235
668 246
49 866
198 269
437 999
593 529
423 660
725 116
47 88
624 873
260 792
383 144
81 521
687 936
216 15
876 23
217 438
409 616
666 757
176 585
844 580
961 928
391 317
619 204
956 253
595 295
115 429
581 280
748 383
360 511
719 142
667 995
67 559
569 817
73 386
127 723
699 434
186 227
619 883
494 819
283 875
802 953
972 890
589 543
437 101
828 645
991 843
336 715
119 752
841 495
713 323
896 301
612 599
668 961
448 135
48 46
447 446
251 553
413 250
654 936
620 37
993 556
547 799
816 35
979 625
862 811
656 572
324 652
54 359
94 816
673 799
