898
140 18
766 79
785 380
187 640
106 173
667 352
99 163
470 335
211 52
287 112
13 309
646 407
203 334
467 184
31 8
677 386
272 555
65 591
192 325
267 391
788 543
122 75
135 4
530 242
437 258
374 733
271 5
151 321
490 594
891 292
820 33
541 414
89 875
56 474
44 593
247 235
3 4
26 72
791 520
516 136
773 426
113 18
71 180
286 787
430 246
524 751
89 290
85 208
359 565
675 628
369 99
366 360
573 525
390 845
18 336
93 599
123 46
11 2
197 572
760 285
96 133
262 644
183 589
321 731
105 160
16 39
860 487
523 711
643 852
98 21
327 849
402 888
116 157
385 139
317 301
527 877
228 441
636 606
347 241
551 873
776 273
261 279
440 35
416 251
428 433
870 306
56 1
82 422
25 818
410 341
2 36
180 592
30 297
15 283
188 150
113 584
48 46
159 672
344 205
489 98
664 20
740 470
843 260
67 808
364 276
602 637
212 121
724 879
720 727
749 327
484 401
606 424
800 650
225 394
126 310
139 669
6 5
753 327
207 97
460 373
3 88
856 645
866 493
362 414
819 511
758 320
412 878
65 34
671 64
820 834
333 35
302 287
4 896
618 851
111 10
19 10
23 193
211 613
528 198
179 293
142 355
290 746
44 40
50 200
77 142
4 43
161 107
70 697
641 441
3 57
220 222
177 16
531 235
232 82
633 4
413 189
804 555
151 499
124 209
13 95
586 140
159 238
497 166
703 708
579 90
370 258
518 282
360 605
273 700
806 872
280 209
60 167
103 602
363 457
158 73
702 144
113 181
96 463
703 337
91 32
218 761
789 295
257 205
269 803
126 252
390 799
361 301
506 258
145 162
548 351
35 10
537 303
249 858
270 174
70 5
809 116
27 164
221 525
141 272
318 691
176 652
184 362
70 176
360 411
76 107
894 347
659 196
62 307
534 136
10 6
581 822
42 147
118 582
185 312
223 118
91 242
863 596
90 418
578 447
49 9
354 309
40 346
70 403
295 744
259 568
197 228
363 615
718 249
54 12
46 84
42 495
662 712
2 55
255 735
262 27
784 85
1 13
322 670
16 311
502 503
188 324
775 103
276 372
253 521
728 577
79 231
363 604
372 631
412 169
395 85
124 857
97 274
427 411
144 102
1 3
338 292
187 850
327 553
236 491
31 192
729 645
315 824
680 837
136 405
651 469
93 77
46 90
23 367
296 218
86 770
308 810
232 545
750 221
150 854
833 186
798 213
543 280
737 165
46 210
796 578
186 295
63 64
558 338
6 28
379 99
279 415
288 135
332 350
701 579
466 574
329 374
65 663
831 26
472 564
27 26
144 335
462 825
524 403
688 232
18 546
176 639
239 34
61 105
85 35
678 265
152 752
695 565
132 21
621 302
124 268
77 318
100 174
884 680
210 226
139 79
567 650
736 848
278 204
234 189
339 297
381 522
683 1
617 546
96 65
273 294
221 16
14 10
89 117
52 5
104 136
328 292
570 656
440 876
249 54
50 782
463 481
315 396
199 99
67 201
583 699
153 116
885 153
367 450
58 717
87 46
423 102
198 13
10 114
649 297
140 550
5 298
563 217
196 58
309 435
17 41
355 561
560 415
254 299
598 406
486 188
277 133
665 529
126 861
349 181
101 60
129 217
227 182
236 583
8 67
830 360
434 53
643 94
507 69
536 382
212 301
13 26
842 680
360 529
725 738
498 486
451 174
110 27
24 23
108 29
462 684
504 666
126 448
570 616
391 523
883 245
14 490
847 620
495 838
388 590
266 320
63 31
92 424
410 538
89 8
238 281
485 446
807 793
474 520
540 781
590 783
197 14
771 71
417 241
549 839
51 35
126 202
551 331
623 648
82 44
513 340
614 233
46 50
303 60
450 472
774 702
74 319
871 191
700 739
539 826
695 855
39 62
518 748
30 141
273 4
595 503
734 89
632 786
371 571
69 46
692 603
381 270
42 60
119 152
389 59
76 13
725 377
219 169
30 151
166 3
131 49
404 554
291 110
439 129
724 41
13 15
184 26
1 220
376 482
539 628
245 535
274 351
25 304
887 580
253 242
213 116
323 321
578 694
78 827
431 71
400 258
107 168
156 105
492 92
171 108
340 246
586 756
149 121
52 229
116 84
745 743
713 226
680 501
70 859
218 359
342 527
714 295
229 342
599 719
357 797
725 814
66 682
25 256
21 14
115 170
681 674
673 790
234 245
237 210
76 182
250 90
742 322
113 329
62 240
673 251
504 435
274 331
2 59
596 433
463 556
143 138
430 487
282 689
85 129
765 561
414 508
186 45
191 176
12 4
637 706
471 587
24 661
50 306
332 626
104 792
34 159
103 124
164 169
301 453
423 795
206 255
732 235
404 635
76 378
165 473
377 1
103 258
653 587
419 60
501 281
255 512
599 832
718 821
52 103
494 510
570 386
364 772
284 73
652 890
418 802
368 645
44 398
585 2
126 38
37 83
113 404
349 552
657 579
721 557
429 620
505 245
294 343
898 363
40 32
544 271
728 867
296 517
121 322
90 137
66 330
205 308
25 15
476 16
250 356
148 97
542 508
216 254
514 157
483 428
36 58
408 305
341 14
469 577
793 63
687 135
295 305
89 828
79 230
19 86
619 227
170 500
154 112
456 365
590 813
169 445
392 316
889 594
359 629
265 40
66 12
146 139
806 338
420 466
197 844
106 63
360 218
676 117
238 401
632 726
30 5
465 705
88 471
8 630
358 343
811 504
438 647
5 2
179 24
70 165
882 758
36 47
251 488
18 61
719 736
16 195
145 371
340 557
171 509
71 16
710 360
42 464
350 402
2 1
286 55
205 468
6 115
447 173
409 181
567 55
475 131
165 373
50 77
151 780
175 241
74 27
698 668
18 11
759 661
741 509
35 449
227 769
15 29
755 504
458 2
622 320
50 215
17 6
779 628
609 801
105 332
32 23
94 10
225 363
130 44
763 108
612 311
376 131
193 805
76 261
172 365
209 625
497 704
326 247
85 436
109 259
248 118
194 477
80 65
690 179
92 42
292 50
38 24
282 32
713 865
216 384
95 874
897 11
194 75
68 52
601 363
215 597
225 581
730 265
654 634
33 493
689 747
7 502
179 869
347 387
432 532
182 204
632 520
862 644
880 74
218 168
175 24
37 13
411 455
106 662
8 16
35 189
357 722
52 120
32 624
458 823
141 442
22 12
104 67
358 679
5 46
32 155
9 1
407 332
235 152
841 440
110 134
163 406
260 201
444 370
778 319
24 178
618 294
99 16
160 868
661 829
388 515
203 443
781 893
138 39
134 327
459 2
707 574
345 82
383 5
653 696
61 269
125 34
653 815
323 352
18 118
506 539
373 686
511 205
157 428
498 674
777 90
816 724
33 3
205 15
188 190
399 48
237 264
314 235
61 425
275 264
114 206
763 846
812 391
817 535
78 794
224 203
6 73
98 233
608 254
562 500
266 176
97 48
761 836
600 214
227 519
50 246
437 895
22 75
48 767
128 74
469 42
421 195
160 575
609 13
112 24
60 216
20 42
121 22
354 764
244 184
185 10
611 3
547 84
576 88
586 693
840 309
668 429
22 380
864 752
357 261
623 743
368 196
348 150
607 557
268 462
554 623
139 588
119 42
386 134
79 35
187 113
145 41
282 353
86 461
371 709
25 446
426 332
127 28
762 24
214 100
231 540
43 183
250 251
642 13
39 715
569 508
98 566
533 92
853 794
494 79
133 172
45 420
243 145
8 6
375 249
372 723
359 549
112 610
236 71
81 10
892 175
70 78
267 233
23 720
107 315
178 634
388 350
768 721
480 18
300 209
141 478
438 254
23 21
559 87
238 454
504 886
393 160
34 16
716 377
389 496
226 465
101 276
627 54
580 263
203 66
